0.000000  0.000000
0.020000  -0.123000
0.040000  0.001000
0.060000  -0.004000
0.080000  0.030000
0.100000  0.041000
0.120000  0.021000
0.140000  0.019000
0.160000  0.036000
0.180000  -0.016000
0.200000  -0.061000
0.220000  -0.022000
0.240000  0.025000
0.260000  0.033000
0.280000  -0.003000
0.300000  0.002000
0.320000  0.015000
0.340000  0.035000
0.360000  0.028000
0.380000  0.014000
0.400000  -0.057000
0.420000  -0.112000
0.440000  -0.134000
0.460000  -0.117000
0.480000  -0.083000
0.500000  -0.021000
0.520000  0.057000
0.540000  0.058000
0.560000  0.046000
0.580000  0.041000
0.600000  0.047000
0.620000  0.067000
0.640000  0.145000
0.660000  0.192000
0.680000  0.204000
0.700000  0.146000
0.720000  0.043000
0.740000  -0.076000
0.760000  -0.132000
0.780000  -0.075000
0.800000  -0.016000
0.820000  0.040000
0.840000  0.047000
0.860000  0.018000
0.880000  -0.016000
0.900000  -0.085000
0.920000  -0.091000
0.940000  -0.047000
0.960000  0.007000
0.980000  0.052000
1.000000  0.020000
1.020000  -0.040000
1.040000  -0.037000
1.060000  -0.029000
1.080000  -0.046000
1.100000  -0.041000
1.120000  -0.025000
1.140000  -0.029000
1.160000  -0.064000
1.180000  -0.098000
1.200000  -0.070000
1.220000  -0.025000
1.240000  0.055000
1.260000  0.077000
1.280000  0.026000
1.300000  -0.018000
1.320000  -0.035000
1.340000  -0.024000
1.360000  0.090000
1.380000  0.175000
1.400000  0.137000
1.420000  0.040000
1.440000  -0.069000
1.460000  -0.173000
1.480000  -0.186000
1.500000  -0.145000
1.520000  -0.063000
1.540000  0.069000
1.560000  0.058000
1.580000  -0.062000
1.600000  -0.210000
1.620000  -0.226000
1.640000  -0.103000
1.660000  0.035000
1.680000  0.152000
1.700000  0.188000
1.720000  0.195000
1.740000  0.180000
1.760000  0.081000
1.780000  -0.025000
1.800000  -0.088000
1.820000  -0.147000
1.840000  -0.144000
1.860000  -0.114000
1.880000  -0.038000
1.900000  0.041000
1.920000  0.133000
1.940000  0.156000
1.960000  0.074000
1.980000  -0.010000
2.000000  -0.120000
2.020000  -0.142000
2.040000  -0.048000
2.060000  0.077000
2.080000  0.150000
2.100000  0.063000
2.120000  -0.073000
2.140000  -0.221000
2.160000  -0.383000
2.180000  -0.411000
2.200000  -0.282000
2.220000  -0.143000
2.240000  0.014000
2.260000  0.152000
2.280000  0.164000
2.300000  0.106000
2.320000  0.081000
2.340000  0.091000
2.360000  0.071000
2.380000  0.001000
2.400000  0.059000
2.420000  0.161000
2.440000  0.299000
2.460000  0.313000
2.480000  0.166000
2.500000  -0.014000
2.520000  -0.126000
2.540000  -0.089000
2.560000  -0.041000
2.580000  -0.076000
2.600000  -0.099000
2.620000  -0.071000
2.640000  -0.006000
2.660000  0.082000
2.680000  0.109000
2.700000  0.122000
2.720000  0.093000
2.740000  0.002000
2.760000  -0.134000
2.780000  -0.130000
2.800000  -0.111000
2.820000  -0.184000
2.840000  -0.269000
2.860000  -0.272000
2.880000  -0.227000
2.900000  -0.242000
2.920000  -0.299000
2.940000  -0.368000
2.960000  -0.331000
2.980000  -0.240000
3.000000  -0.145000
3.020000  -0.102000
3.040000  -0.078000
3.060000  -0.082000
3.080000  -0.174000
3.100000  -0.273000
3.120000  -0.373000
3.140000  -0.419000
3.160000  -0.401000
3.180000  -0.393000
3.200000  -0.363000
3.220000  -0.328000
3.240000  -0.307000
3.260000  -0.302000
3.280000  -0.275000
3.300000  -0.214000
3.320000  -0.242000
3.340000  -0.328000
3.360000  -0.445000
3.380000  -0.543000
3.400000  -0.367000
3.420000  -0.051000
3.440000  0.272000
3.460000  0.605000
3.480000  0.620000
3.500000  0.424000
3.520000  0.200000
3.540000  -0.038000
3.560000  -0.256000
3.580000  -0.208000
3.600000  -0.015000
3.620000  0.196000
3.640000  0.416000
3.660000  0.634000
3.680000  0.850000
3.700000  1.075000
3.720000  1.238000
3.740000  1.132000
3.760000  0.947000
3.780000  0.741000
3.800000  0.575000
3.820000  0.524000
3.840000  0.401000
3.860000  0.217000
3.880000  0.152000
3.900000  0.100000
3.920000  -0.086000
3.940000  -0.094000
3.960000  0.133000
3.980000  0.352000
4.000000  0.267000
4.020000  0.022000
4.040000  -0.251000
4.060000  -0.436000
4.080000  -0.259000
4.100000  0.018000
4.120000  0.267000
4.140000  0.039000
4.160000  -0.352000
4.180000  -0.764000
4.200000  -1.186000
4.220000  -1.147000
4.240000  -0.744000
4.260000  -0.297000
4.280000  0.076000
4.300000  0.013000
4.320000  -0.084000
4.340000  -0.128000
4.360000  -0.081000
4.380000  0.108000
4.400000  0.325000
4.420000  0.318000
4.440000  0.246000
4.460000  0.362000
4.480000  0.589000
4.500000  0.723000
4.520000  0.586000
4.540000  0.397000
4.560000  0.175000
4.580000  -0.024000
4.600000  -0.256000
4.620000  -0.359000
4.640000  -0.245000
4.660000  -0.066000
4.680000  -0.024000
4.700000  -0.138000
4.720000  -0.233000
4.740000  -0.249000
4.760000  -0.322000
4.780000  -0.477000
4.800000  -0.570000
4.820000  -0.443000
4.840000  -0.250000
4.860000  -0.044000
4.880000  0.166000
4.900000  0.369000
4.920000  0.579000
4.940000  0.584000
4.960000  0.394000
4.980000  0.197000
5.000000  -0.032000
5.020000  -0.198000
5.040000  -0.257000
5.060000  -0.257000
5.080000  -0.228000
5.100000  -0.035000
5.120000  0.082000
5.140000  0.021000
5.160000  -0.056000
5.180000  -0.042000
5.200000  0.041000
5.220000  0.024000
5.240000  -0.067000
5.260000  -0.086000
5.280000  -0.078000
5.300000  -0.133000
5.320000  -0.131000
5.340000  -0.081000
5.360000  -0.088000
5.380000  -0.051000
5.400000  0.195000
5.420000  0.478000
5.440000  0.762000
5.460000  0.731000
5.480000  0.568000
5.500000  0.377000
5.520000  0.186000
5.540000  -0.012000
5.560000  -0.153000
5.580000  0.020000
5.600000  0.091000
5.620000  -0.162000
5.640000  -0.474000
5.660000  -0.775000
5.680000  -0.564000
5.700000  -0.034000
5.720000  0.250000
5.740000  -0.063000
5.760000  -0.423000
5.780000  -0.667000
5.800000  -0.807000
5.820000  -0.577000
5.840000  -0.244000
5.860000  0.129000
5.880000  0.238000
5.900000  0.065000
5.920000  -0.118000
5.940000  -0.351000
5.960000  -0.453000
5.980000  -0.311000
6.000000  -0.085000
6.020000  0.023000
6.040000  -0.155000
6.060000  -0.361000
6.080000  -0.272000
6.100000  0.010000
6.120000  0.295000
6.140000  0.620000
6.160000  0.788000
6.180000  0.771000
6.200000  0.745000
6.220000  0.739000
6.240000  0.759000
6.260000  0.638000
6.280000  0.433000
6.300000  0.207000
6.320000  -0.011000
6.340000  -0.254000
6.360000  -0.302000
6.380000  0.006000
6.400000  0.197000
6.420000  0.194000
6.440000  0.149000
6.460000  0.149000
6.480000  0.313000
6.500000  0.495000
6.520000  0.706000
6.540000  0.601000
6.560000  0.220000
6.580000  -0.190000
6.600000  -0.619000
6.620000  -1.052000
6.640000  -1.377000
6.660000  -1.276000
6.680000  -1.071000
6.700000  -0.841000
6.720000  -0.814000
6.740000  -0.921000
6.760000  -0.936000
6.780000  -0.678000
6.800000  -0.362000
6.820000  -0.022000
6.840000  0.313000
6.860000  0.650000
6.880000  0.981000
6.900000  1.035000
6.920000  0.849000
6.940000  0.650000
6.960000  0.439000
6.980000  0.511000
7.000000  0.722000
7.020000  0.910000
7.040000  0.778000
7.060000  0.553000
7.080000  0.300000
7.100000  0.054000
7.120000  -0.203000
7.140000  -0.445000
7.160000  -0.711000
7.180000  -0.858000
7.200000  -0.863000
7.220000  -0.853000
7.240000  -0.658000
7.260000  -0.314000
7.280000  0.032000
7.300000  0.409000
7.320000  0.554000
7.340000  0.476000
7.360000  0.378000
7.380000  0.258000
7.400000  0.150000
7.420000  0.033000
7.440000  -0.017000
7.460000  -0.050000
7.480000  -0.183000
7.500000  -0.384000
7.520000  -0.445000
7.540000  -0.252000
7.560000  -0.117000
7.580000  -0.205000
7.600000  -0.254000
7.620000  -0.138000
7.640000  0.007000
7.660000  0.164000
7.680000  0.221000
7.700000  0.203000
7.720000  0.214000
7.740000  0.215000
7.760000  0.096000
7.780000  -0.057000
7.800000  -0.076000
7.820000  0.129000
7.840000  0.185000
7.860000  0.009000
7.880000  -0.241000
7.900000  -0.479000
7.920000  -0.748000
7.940000  -0.602000
7.960000  -0.120000
7.980000  0.433000
8.000000  0.773000
8.020000  0.743000
8.040000  0.691000
8.060000  0.594000
8.080000  0.509000
8.100000  0.276000
8.120000  0.022000
8.140000  -0.260000
8.160000  -0.521000
8.180000  -0.814000
8.200000  -0.723000
8.220000  -0.097000
8.240000  0.182000
8.260000  0.049000
8.280000  -0.167000
8.300000  -0.245000
8.320000  -0.039000
8.340000  0.196000
8.360000  0.458000
8.380000  0.721000
8.400000  0.858000
8.420000  0.677000
8.440000  0.457000
8.460000  0.193000
8.480000  -0.045000
8.500000  -0.306000
8.520000  -0.416000
8.540000  -0.414000
8.560000  -0.586000
8.580000  -0.782000
8.600000  -0.512000
8.620000  -0.119000
8.640000  0.286000
8.660000  0.287000
8.680000  0.106000
8.700000  -0.097000
8.720000  -0.330000
8.740000  -0.393000
8.760000  -0.108000
8.780000  0.258000
8.800000  0.512000
8.820000  0.311000
8.840000  0.029000
8.860000  -0.319000
8.880000  -0.523000
8.900000  -0.417000
8.920000  -0.454000
8.940000  -0.765000
8.960000  -0.788000
8.980000  -0.330000
9.000000  -0.076000
9.020000  0.058000
9.040000  0.337000
9.060000  0.711000
9.080000  1.061000
9.100000  1.480000
9.120000  1.527000
9.140000  1.124000
9.160000  0.678000
9.180000  0.201000
9.200000  -0.287000
9.220000  -0.558000
9.240000  -0.375000
9.260000  -0.144000
9.280000  0.146000
9.300000  0.209000
9.320000  0.094000
9.340000  0.023000
9.360000  0.165000
9.380000  0.362000
9.400000  0.550000
9.420000  0.503000
9.440000  0.384000
9.460000  0.384000
9.480000  0.287000
9.500000  -0.045000
9.520000  -0.401000
9.540000  -0.757000
9.560000  -0.751000
9.580000  -0.627000
9.600000  -0.563000
9.620000  -0.657000
9.640000  -0.831000
9.660000  -1.063000
9.680000  -1.123000
9.700000  -1.078000
9.720000  -0.802000
9.740000  -0.325000
9.760000  0.182000
9.780000  0.686000
9.800000  1.228000
9.820000  1.439000
9.840000  0.994000
9.860000  0.484000
9.880000  -0.147000
9.900000  -0.418000
9.920000  -0.200000
9.940000  0.117000
9.960000  0.448000
9.980000  0.812000
10.000000  0.926000
10.020000  0.634000
10.040000  0.291000
10.060000  -0.099000
10.080000  -0.387000
10.100000  -0.331000
10.120000  -0.259000
10.140000  -0.263000
10.160000  -0.215000
10.180000  0.011000
10.200000  0.088000
10.220000  -0.012000
10.240000  -0.117000
10.260000  -0.154000
10.280000  -0.245000
10.300000  -0.451000
10.320000  -0.652000
10.340000  -0.525000
10.360000  -0.269000
10.380000  -0.004000
10.400000  0.071000
10.420000  0.035000
10.440000  -0.112000
10.460000  -0.259000
10.480000  -0.161000
10.500000  0.116000
10.520000  0.225000
10.540000  0.086000
10.560000  -0.071000
10.580000  -0.117000
10.600000  -0.037000
10.620000  0.126000
10.640000  0.295000
10.660000  0.480000
10.680000  0.588000
10.700000  0.359000
10.720000  0.037000
10.740000  -0.318000
10.760000  -0.618000
10.780000  -0.614000
10.800000  -0.508000
10.820000  -0.435000
10.840000  -0.408000
10.860000  -0.316000
10.880000  -0.160000
10.900000  0.000000
10.920000  0.169000
10.940000  0.332000
10.960000  0.498000
10.980000  0.667000
11.000000  0.783000
11.020000  0.536000
11.040000  0.187000
11.060000  -0.185000
11.080000  -0.285000
11.100000  -0.194000
11.120000  -0.138000
11.140000  -0.134000
11.160000  -0.108000
11.180000  -0.071000
11.200000  -0.103000
11.220000  -0.083000
11.240000  0.042000
11.260000  0.180000
11.280000  0.090000
11.300000  -0.099000
11.320000  -0.308000
11.340000  -0.414000
11.360000  -0.441000
11.380000  -0.437000
11.400000  -0.378000
11.420000  -0.113000
11.440000  0.189000
11.460000  0.500000
11.480000  0.418000
11.500000  0.160000
11.520000  -0.144000
11.540000  -0.113000
11.560000  0.171000
11.580000  0.504000
11.600000  0.709000
11.620000  0.463000
11.640000  0.129000
11.660000  -0.265000
11.680000  -0.456000
11.700000  -0.438000
11.720000  -0.428000
11.740000  -0.406000
11.760000  -0.396000
11.780000  -0.389000
11.800000  -0.451000
11.820000  -0.446000
11.840000  -0.180000
11.860000  0.154000
11.880000  0.522000
11.900000  0.777000
11.920000  0.638000
11.940000  0.388000
11.960000  0.156000
11.980000  0.016000
12.000000  -0.095000
12.020000  0.005000
12.040000  0.156000
12.060000  0.335000
12.080000  0.382000
12.100000  0.293000
12.120000  0.200000
12.140000  0.081000
12.160000  0.092000
12.180000  0.243000
12.200000  0.405000
12.220000  0.551000
12.240000  0.605000
12.260000  0.535000
12.280000  0.427000
12.300000  0.209000
12.320000  -0.097000
12.340000  -0.340000
12.360000  -0.387000
12.380000  -0.410000
12.400000  -0.504000
12.420000  -0.477000
12.440000  -0.287000
12.460000  -0.094000
12.480000  0.128000
12.500000  0.324000
12.520000  0.552000
12.540000  0.498000
12.560000  0.180000
12.580000  -0.177000
12.600000  -0.438000
12.620000  -0.305000
12.640000  -0.108000
12.660000  0.151000
12.680000  0.221000
12.700000  0.117000
12.720000  -0.025000
12.740000  -0.093000
12.760000  -0.024000
12.780000  0.060000
12.800000  0.126000
12.820000  0.160000
12.840000  0.199000
12.860000  0.228000
12.880000  0.268000
12.900000  0.276000
12.920000  0.142000
12.940000  -0.046000
12.960000  -0.123000
12.980000  -0.087000
13.000000  -0.062000
13.020000  -0.178000
13.040000  -0.358000
13.060000  -0.534000
13.080000  -0.730000
13.100000  -0.819000
13.120000  -0.800000
13.140000  -0.786000
13.160000  -0.870000
13.180000  -0.858000
13.200000  -0.657000
13.220000  -0.428000
13.240000  -0.185000
13.260000  0.060000
13.280000  0.264000
13.300000  0.195000
13.320000  0.069000
13.340000  0.132000
13.360000  0.270000
13.380000  0.362000
13.400000  0.393000
13.420000  0.542000
13.440000  0.772000
13.460000  0.915000
13.480000  0.749000
13.500000  0.516000
13.520000  0.254000
13.540000  -0.004000
13.560000  -0.220000
13.580000  -0.185000
13.600000  -0.090000
13.620000  0.027000
13.640000  0.152000
13.660000  0.261000
13.680000  0.128000
13.700000  -0.056000
13.720000  -0.269000
13.740000  -0.471000
13.760000  -0.681000
13.780000  -0.890000
13.800000  -1.041000
13.820000  -1.026000
13.840000  -0.954000
13.860000  -0.719000
13.880000  -0.454000
13.900000  -0.178000
13.920000  -0.026000
13.940000  0.062000
13.960000  0.034000
13.980000  -0.011000
14.000000  -0.079000
14.020000  -0.091000
14.040000  -0.037000
14.060000  0.058000
14.080000  0.269000
14.100000  0.512000
14.120000  0.769000
14.140000  0.956000
14.160000  0.875000
14.180000  0.730000
14.200000  0.566000
14.220000  0.509000
14.240000  0.465000
14.260000  0.349000
14.280000  0.200000
14.300000  0.164000
14.320000  0.207000
14.340000  0.241000
14.360000  0.062000
14.380000  -0.227000
14.400000  -0.518000
14.420000  -0.841000
14.440000  -0.978000
14.460000  -0.850000
14.480000  -0.695000
14.500000  -0.536000
14.520000  -0.465000
14.540000  -0.320000
14.560000  -0.137000
14.580000  0.070000
14.600000  0.260000
14.620000  0.479000
14.640000  0.558000
14.660000  0.411000
14.680000  0.210000
14.700000  0.131000
14.720000  0.234000
14.740000  0.248000
14.760000  0.173000
14.780000  0.160000
14.800000  0.270000
14.820000  0.386000
14.840000  0.509000
14.860000  0.417000
14.880000  0.226000
14.900000  0.017000
14.920000  -0.076000
14.940000  -0.101000
14.960000  -0.176000
14.980000  -0.284000
15.000000  -0.256000
15.020000  -0.143000
15.040000  -0.062000
15.060000  -0.001000
15.080000  0.109000
15.100000  0.168000
15.120000  0.055000
15.140000  -0.104000
15.160000  -0.265000
15.180000  -0.340000
15.200000  -0.305000
15.220000  -0.132000
15.240000  0.096000
15.260000  0.202000
15.280000  0.155000
15.300000  0.107000
15.320000  0.058000
15.340000  0.021000
15.360000  -0.013000
15.380000  -0.010000
15.400000  -0.010000
15.420000  -0.015000
15.440000  0.019000
15.460000  0.096000
15.480000  0.181000
15.500000  0.232000
15.520000  0.144000
15.540000  0.022000
15.560000  -0.112000
15.580000  -0.235000
15.600000  -0.302000
15.620000  -0.229000
15.640000  -0.131000
15.660000  -0.011000
15.680000  0.042000
15.700000  -0.012000
15.720000  -0.090000
15.740000  -0.170000
15.760000  -0.242000
15.780000  -0.264000
15.800000  -0.191000
15.820000  -0.095000
15.840000  0.006000
15.860000  0.109000
15.880000  0.209000
15.900000  0.297000
15.920000  0.254000
15.940000  0.178000
15.960000  0.079000
15.980000  0.068000
16.000000  0.142000
16.020000  0.229000
16.040000  0.200000
16.060000  0.097000
16.080000  -0.036000
16.100000  -0.219000
16.120000  -0.441000
16.140000  -0.478000
16.160000  -0.306000
16.180000  -0.111000
16.200000  0.065000
16.220000  0.057000
16.240000  0.001000
16.260000  -0.046000
16.280000  -0.057000
16.300000  -0.014000
16.320000  0.034000
16.340000  0.031000
16.360000  0.037000
16.380000  0.034000
16.400000  -0.014000
16.420000  -0.075000
16.440000  -0.140000
16.460000  -0.196000
16.480000  -0.247000
16.500000  -0.268000
16.520000  -0.181000
16.540000  -0.054000
16.560000  0.021000
16.580000  0.001000
16.600000  -0.005000
16.620000  0.037000
16.640000  0.106000
16.660000  0.170000
16.680000  0.237000
16.700000  0.137000
16.720000  -0.045000
16.740000  -0.263000
16.760000  -0.333000
16.780000  -0.147000
16.800000  0.064000
16.820000  0.311000
16.840000  0.404000
16.860000  0.358000
16.880000  0.296000
16.900000  0.196000
16.920000  0.074000
16.940000  -0.052000
16.960000  -0.183000
16.980000  -0.284000
17.000000  -0.254000
17.020000  -0.188000
17.040000  -0.139000
17.060000  -0.108000
17.080000  -0.078000
17.100000  -0.049000
17.120000  -0.032000
17.140000  -0.062000
17.160000  -0.083000
17.180000  -0.045000
17.200000  0.003000
17.220000  0.058000
17.240000  0.037000
17.260000  -0.029000
17.280000  -0.088000
17.300000  -0.104000
17.320000  -0.100000
17.340000  -0.042000
17.360000  0.077000
17.380000  0.203000
17.400000  0.228000
17.420000  0.175000
17.440000  0.129000
17.460000  0.109000
17.480000  0.092000
17.500000  0.082000
17.520000  0.070000
17.540000  0.090000
17.560000  0.156000
17.580000  0.221000
17.600000  0.267000
17.620000  0.307000
17.640000  0.246000
17.660000  0.137000
17.680000  0.022000
17.700000  -0.011000
17.720000  0.022000
17.740000  0.074000
17.760000  0.084000
17.780000  0.053000
17.800000  0.018000
17.820000  -0.018000
17.840000  0.003000
17.860000  0.050000
17.880000  0.108000
17.900000  0.107000
17.920000  0.035000
17.940000  -0.040000
17.960000  -0.123000
17.980000  -0.207000
18.000000  -0.296000
18.020000  -0.257000
18.040000  -0.172000
18.060000  -0.075000
18.080000  -0.045000
18.100000  -0.080000
18.120000  -0.102000
18.140000  -0.105000
18.160000  -0.106000
18.180000  -0.144000
18.200000  -0.180000
18.220000  -0.185000
18.240000  -0.197000
18.260000  -0.228000
18.280000  -0.288000
18.300000  -0.295000
18.320000  -0.266000
18.340000  -0.254000
18.360000  -0.246000
18.380000  -0.174000
18.400000  -0.047000
18.420000  0.090000
18.440000  0.226000
18.460000  0.369000
18.480000  0.500000
18.500000  0.643000
18.520000  0.607000
18.540000  0.417000
18.560000  0.211000
18.580000  -0.010000
18.600000  -0.195000
18.620000  -0.177000
18.640000  -0.098000
18.660000  0.000000
18.680000  0.072000
18.700000  0.102000
18.720000  0.044000
18.740000  -0.066000
18.760000  -0.141000
18.780000  -0.159000
18.800000  -0.171000
18.820000  -0.196000
18.840000  -0.293000
18.860000  -0.390000
18.880000  -0.511000
18.900000  -0.526000
18.920000  -0.396000
18.940000  -0.251000
18.960000  -0.089000
18.980000  -0.032000
19.000000  -0.089000
19.020000  -0.080000
19.040000  0.007000
19.060000  0.106000
19.080000  0.208000
19.100000  0.313000
19.120000  0.390000
19.140000  0.339000
19.160000  0.254000
19.180000  0.261000
19.200000  0.358000
19.220000  0.454000
19.240000  0.570000
19.260000  0.554000
19.280000  0.416000
19.300000  0.264000
19.320000  0.105000
19.340000  -0.058000
19.360000  -0.173000
19.380000  -0.182000
19.400000  -0.175000
19.420000  -0.164000
19.440000  -0.147000
19.460000  -0.062000
19.480000  0.049000
19.500000  0.143000
19.520000  0.174000
19.540000  0.127000
19.560000  0.037000
19.580000  -0.058000
19.600000  -0.114000
19.620000  -0.132000
19.640000  -0.134000
19.660000  -0.124000
19.680000  -0.115000
19.700000  -0.104000
19.720000  -0.095000
19.740000  -0.083000
19.760000  -0.081000
19.780000  -0.105000
19.800000  -0.147000
19.820000  -0.174000
19.840000  -0.121000
19.860000  -0.032000
19.880000  -0.010000
19.900000  -0.100000
19.920000  -0.201000
19.940000  -0.157000
19.960000  0.007000
19.980000  0.176000
20.000000  0.350000
20.020000  0.411000
20.040000  0.424000
20.060000  0.321000
20.080000  0.195000
20.100000  0.057000
20.120000  0.049000
20.140000  0.122000
20.160000  0.210000
20.180000  0.259000
20.200000  0.276000
20.220000  0.279000
20.240000  0.272000
20.260000  0.229000
20.280000  0.102000
20.300000  -0.031000
20.320000  -0.184000
20.340000  -0.244000
20.360000  -0.207000
20.380000  -0.156000
20.400000  -0.077000
20.420000  0.003000
20.440000  0.085000
20.460000  0.171000
20.480000  0.255000
20.500000  0.345000
20.520000  0.338000
20.540000  0.227000
20.560000  0.110000
20.580000  -0.018000
20.600000  -0.141000
20.620000  -0.265000
20.640000  -0.357000
20.660000  -0.439000
20.680000  -0.522000
20.700000  -0.578000
20.720000  -0.474000
20.740000  -0.321000
20.760000  -0.158000
20.780000  0.006000
20.800000  0.069000
20.820000  0.031000
20.840000  0.003000
20.860000  -0.023000
20.880000  -0.041000
20.900000  -0.057000
20.920000  0.009000
20.940000  0.102000
20.960000  0.197000
20.980000  0.259000
21.000000  0.309000
21.020000  0.364000
21.040000  0.356000
21.060000  0.242000
21.080000  0.117000
21.100000  -0.017000
21.120000  -0.117000
21.140000  -0.197000
21.160000  -0.170000
21.180000  -0.105000
21.200000  -0.063000
21.220000  -0.044000
21.240000  -0.057000
21.260000  -0.109000
21.280000  -0.167000
21.300000  -0.193000
21.320000  -0.147000
21.340000  -0.091000
21.360000  -0.051000
21.380000  -0.040000
21.400000  -0.053000
21.420000  -0.082000
21.440000  -0.097000
21.460000  -0.043000
21.480000  0.034000
21.500000  0.083000
21.520000  0.110000
21.540000  0.160000
21.560000  0.241000
21.580000  0.322000
21.600000  0.408000
21.620000  0.396000
21.640000  0.293000
21.660000  0.184000
21.680000  0.065000
21.700000  -0.049000
21.720000  -0.154000
21.740000  -0.091000
21.760000  0.013000
21.780000  0.146000
21.800000  0.176000
21.820000  0.051000
21.840000  -0.103000
21.860000  -0.234000
21.880000  -0.270000
21.900000  -0.259000
21.920000  -0.234000
21.940000  -0.197000
21.960000  -0.092000
21.980000  0.049000
22.000000  0.121000
22.020000  0.092000
22.040000  0.049000
22.060000  0.000000
22.080000  -0.083000
22.100000  -0.101000
22.120000  0.001000
22.140000  0.109000
22.160000  0.238000
22.180000  0.311000
22.200000  0.290000
22.220000  0.243000
22.240000  0.175000
22.260000  0.103000
22.280000  0.030000
22.300000  -0.042000
22.320000  -0.093000
22.340000  -0.127000
22.360000  -0.152000
22.380000  -0.168000
22.400000  -0.172000
22.420000  -0.165000
22.440000  -0.157000
22.460000  -0.157000
22.480000  -0.200000
22.500000  -0.254000
22.520000  -0.296000
22.540000  -0.320000
22.560000  -0.339000
22.580000  -0.331000
22.600000  -0.278000
22.620000  -0.210000
22.640000  -0.196000
22.660000  -0.209000
22.680000  -0.231000
22.700000  -0.206000
22.720000  -0.139000
22.740000  -0.072000
22.760000  -0.036000
22.780000  -0.014000
22.800000  0.013000
22.820000  0.094000
22.840000  0.196000
22.860000  0.298000
22.880000  0.407000
22.900000  0.478000
22.920000  0.497000
22.940000  0.502000
22.960000  0.493000
22.980000  0.465000
23.000000  0.409000
23.020000  0.354000
23.040000  0.294000
23.060000  0.234000
23.080000  0.165000
23.100000  0.096000
23.120000  0.047000
23.140000  0.084000
23.160000  0.139000
23.180000  0.193000
23.200000  0.128000
23.220000  0.032000
23.240000  -0.083000
23.260000  -0.148000
23.280000  -0.152000
23.300000  -0.152000
23.320000  -0.190000
23.340000  -0.239000
23.360000  -0.290000
23.380000  -0.334000
23.400000  -0.383000
23.420000  -0.387000
23.440000  -0.351000
23.460000  -0.311000
23.480000  -0.279000
23.500000  -0.252000
23.520000  -0.219000
23.540000  -0.167000
23.560000  -0.114000
23.580000  -0.047000
23.600000  0.025000
23.620000  0.105000
23.640000  0.144000
23.660000  0.119000
23.680000  0.101000
23.700000  0.098000
23.720000  0.113000
23.740000  0.079000
23.760000  -0.021000
23.780000  -0.140000
23.800000  -0.202000
23.820000  -0.158000
23.840000  -0.084000
23.860000  0.005000
23.880000  0.088000
23.900000  0.178000
23.920000  0.261000
23.940000  0.351000
23.960000  0.348000
23.980000  0.264000
24.000000  0.173000
24.020000  0.073000
24.040000  -0.002000
24.060000  -0.009000
24.080000  -0.004000
24.100000  -0.040000
24.120000  -0.106000
24.140000  -0.141000
24.160000  -0.099000
24.180000  -0.040000
24.200000  0.025000
24.220000  0.085000
24.240000  0.076000
24.260000  0.015000
24.280000  -0.013000
24.300000  0.011000
24.320000  0.043000
24.340000  0.039000
24.360000  0.002000
24.380000  -0.025000
24.400000  -0.052000
24.420000  -0.060000
24.440000  -0.057000
24.460000  -0.024000
24.480000  0.038000
24.500000  0.107000
24.520000  0.154000
24.540000  0.170000
24.560000  0.160000
24.580000  0.121000
24.600000  0.080000
24.620000  0.040000
24.640000  0.006000
24.660000  -0.058000
24.680000  -0.174000
24.700000  -0.215000
24.720000  -0.131000
24.740000  -0.011000
24.760000  0.033000
24.780000  -0.068000
24.800000  -0.169000
24.820000  -0.215000
24.840000  -0.233000
24.860000  -0.225000
24.880000  -0.183000
24.900000  -0.157000
24.920000  -0.154000
24.940000  -0.188000
24.960000  -0.233000
24.980000  -0.265000
25.000000  -0.243000
25.020000  -0.176000
25.040000  -0.094000
25.060000  -0.010000
25.080000  0.074000
25.100000  0.132000
25.120000  0.161000
25.140000  0.201000
25.160000  0.247000
25.180000  0.296000
25.200000  0.260000
25.220000  0.179000
25.240000  0.085000
25.260000  0.025000
25.280000  0.028000
25.300000  0.043000
25.320000  0.047000
25.340000  0.019000
25.360000  -0.009000
25.380000  -0.055000
25.400000  -0.113000
25.420000  -0.098000
25.440000  -0.055000
25.460000  -0.029000
25.480000  -0.019000
25.500000  -0.016000
25.520000  -0.038000
25.540000  -0.056000
25.560000  -0.070000
25.580000  -0.062000
25.600000  -0.057000
25.620000  -0.113000
25.640000  -0.194000
25.660000  -0.233000
25.680000  -0.217000
25.700000  -0.200000
25.720000  -0.167000
25.740000  -0.114000
25.760000  -0.051000
25.780000  -0.011000
25.800000  0.005000
25.820000  0.015000
25.840000  0.047000
25.860000  0.117000
25.880000  0.188000
25.900000  0.259000
25.920000  0.225000
25.940000  0.152000
25.960000  0.064000
25.980000  0.016000
26.000000  0.015000
26.020000  0.017000
26.040000  0.047000
26.060000  0.103000
26.080000  0.141000
26.100000  0.155000
26.120000  0.144000
26.140000  0.120000
26.160000  0.120000
26.180000  0.118000
26.200000  0.088000
26.220000  0.027000
26.240000  -0.038000
26.260000  -0.111000
26.280000  -0.134000
26.300000  -0.082000
26.320000  -0.026000
26.340000  0.044000
26.360000  0.067000
26.380000  0.014000
26.400000  -0.055000
26.420000  -0.127000
26.440000  -0.202000
26.460000  -0.205000
26.480000  -0.128000
26.500000  -0.048000
26.520000  0.038000
26.540000  0.052000
26.560000  0.036000
26.580000  0.014000
26.600000  0.030000
26.620000  0.065000
26.640000  0.089000
26.660000  0.055000
26.680000  0.004000
26.700000  -0.045000
26.720000  -0.065000
26.740000  -0.075000
26.760000  -0.066000
26.780000  -0.065000
26.800000  -0.069000
26.820000  -0.094000
26.840000  -0.164000
26.860000  -0.245000
26.880000  -0.309000
26.900000  -0.296000
26.920000  -0.258000
26.940000  -0.184000
26.960000  -0.104000
26.980000  -0.020000
27.000000  0.062000
27.020000  0.145000
27.040000  0.230000
27.060000  0.296000
27.080000  0.236000
27.100000  0.142000
27.120000  0.034000
27.140000  -0.058000
27.160000  -0.066000
27.180000  -0.041000
27.200000  -0.041000
27.220000  -0.078000
27.240000  -0.109000
27.260000  -0.130000
27.280000  -0.140000
27.300000  -0.135000
27.320000  -0.130000
27.340000  -0.119000
27.360000  -0.115000
27.380000  -0.069000
27.400000  0.018000
27.420000  0.111000
27.440000  0.208000
27.460000  0.279000
27.480000  0.214000
27.500000  0.118000
27.520000  0.006000
27.540000  -0.009000
27.560000  0.055000
27.580000  0.134000
27.600000  0.183000
27.620000  0.125000
27.640000  0.050000
27.660000  0.010000
27.680000  0.001000
27.700000  0.022000
27.720000  0.066000
27.740000  0.109000
27.760000  0.104000
27.780000  0.082000
27.800000  0.054000
27.820000  0.009000
27.840000  0.009000
27.860000  0.052000
27.880000  0.108000
27.900000  0.113000
27.920000  0.045000
27.940000  -0.026000
27.960000  -0.107000
27.980000  -0.162000
28.000000  -0.156000
28.020000  -0.140000
28.040000  -0.080000
28.060000  0.012000
28.080000  0.116000
28.100000  0.179000
28.120000  0.175000
28.140000  0.160000
28.160000  0.148000
28.180000  0.149000
28.200000  0.145000
28.220000  0.132000
28.240000  0.088000
28.260000  -0.027000
28.280000  -0.152000
28.300000  -0.292000
28.320000  -0.350000
28.340000  -0.318000
28.360000  -0.276000
28.380000  -0.182000
28.400000  -0.058000
28.420000  0.072000
28.440000  0.191000
28.460000  0.163000
28.480000  0.068000
28.500000  -0.041000
28.520000  -0.127000
28.540000  -0.097000
28.560000  -0.033000
28.580000  0.038000
28.600000  0.111000
28.620000  0.165000
28.640000  0.124000
28.660000  0.059000
28.680000  -0.016000
28.700000  -0.074000
28.720000  -0.104000
28.740000  -0.150000
28.760000  -0.221000
28.780000  -0.285000
28.800000  -0.291000
28.820000  -0.282000
28.840000  -0.248000
28.860000  -0.167000
28.880000  -0.071000
28.900000  0.011000
28.920000  0.054000
28.940000  0.080000
28.960000  0.138000
28.980000  0.248000
29.000000  0.372000
29.020000  0.458000
29.040000  0.420000
29.060000  0.356000
29.080000  0.305000
29.100000  0.275000
29.120000  0.209000
29.140000  0.133000
29.160000  0.133000
29.180000  0.157000
29.200000  0.181000
29.220000  0.160000
29.240000  0.123000
29.260000  0.095000
29.280000  0.081000
29.300000  0.068000
29.320000  0.056000
29.340000  0.043000
29.360000  0.030000
29.380000  0.016000
29.400000  0.000000
29.420000  -0.001000
29.440000  0.023000
29.460000  0.046000
29.480000  0.057000
29.500000  0.040000
29.520000  -0.036000
29.540000  -0.124000
29.560000  -0.213000
29.580000  -0.210000
29.600000  -0.164000
29.620000  -0.105000
29.640000  -0.076000
29.660000  -0.081000
29.680000  -0.088000
29.700000  -0.090000
29.720000  -0.088000
29.740000  -0.092000
29.760000  -0.098000
29.780000  -0.106000
29.800000  -0.133000
29.820000  -0.171000
29.840000  -0.168000
29.860000  -0.135000
29.880000  -0.097000
29.900000  -0.058000
29.920000  -0.019000
29.940000  0.020000
29.960000  0.060000
29.980000  0.085000
30.000000  0.076000
30.020000  0.062000
30.040000  0.044000
30.060000  0.031000
30.080000  0.006000
30.100000  -0.037000
30.120000  -0.092000
30.140000  -0.113000
30.160000  -0.095000
30.180000  -0.074000
30.200000  -0.058000
30.220000  -0.014000
30.240000  0.055000
30.260000  0.133000
30.280000  0.169000
30.300000  0.125000
30.320000  0.068000
30.340000  0.004000
30.360000  -0.053000
30.380000  -0.042000
30.400000  0.012000
30.420000  0.053000
30.440000  0.046000
30.460000  0.032000
30.480000  0.025000
30.500000  -0.017000
30.520000  -0.096000
30.540000  -0.131000
30.560000  -0.133000
30.580000  -0.130000
30.600000  -0.134000
30.620000  -0.136000
30.640000  -0.109000
30.660000  -0.068000
30.680000  -0.027000
30.700000  0.019000
30.720000  0.038000
30.740000  -0.001000
30.760000  -0.057000
30.780000  -0.087000
30.800000  -0.051000
30.820000  -0.004000
30.840000  0.046000
30.860000  0.095000
30.880000  0.126000
30.900000  0.110000
30.920000  0.091000
30.940000  0.060000
30.960000  0.072000
30.980000  0.129000
31.000000  0.195000
31.020000  0.242000
31.040000  0.204000
31.060000  0.146000
31.080000  0.081000
31.100000  0.016000
31.120000  -0.018000
31.140000  -0.005000
31.160000  0.020000
31.180000  0.072000
31.200000  0.077000
31.220000  0.018000
31.240000  -0.065000
31.260000  -0.104000
31.280000  -0.076000
31.300000  -0.044000
31.320000  -0.043000
31.340000  -0.063000
31.360000  -0.079000
31.380000  -0.056000
31.400000  -0.002000
31.420000  0.019000
31.440000  -0.028000
31.460000  -0.091000
31.480000  -0.149000
31.500000  -0.118000
31.520000  -0.056000
31.540000  0.008000
31.560000  0.082000
31.580000  0.085000
31.600000  -0.026000
31.620000  -0.115000
31.640000  -0.112000
31.660000  -0.073000
31.680000  -0.060000
31.700000  -0.073000
31.720000  -0.092000
31.740000  -0.086000
31.760000  -0.046000
31.780000  -0.007000
31.800000  0.040000
31.820000  0.054000
31.840000  0.044000
31.860000  0.024000
31.880000  0.034000
31.900000  0.090000
31.920000  0.147000
31.940000  0.191000
31.960000  0.178000
31.980000  0.096000
32.000000  -0.012000
32.020000  -0.115000
32.040000  -0.232000
32.060000  -0.256000
32.080000  -0.184000
32.100000  -0.099000
32.120000  -0.075000
32.140000  -0.114000
32.160000  -0.153000
32.180000  -0.115000
32.200000  -0.029000
32.220000  0.060000
32.240000  0.154000
32.260000  0.236000
32.280000  0.253000
32.300000  0.196000
32.320000  0.118000
32.340000  0.054000
32.360000  0.003000
32.380000  -0.050000
32.400000  -0.132000
32.420000  -0.164000
32.440000  -0.108000
32.460000  -0.033000
32.480000  0.038000
32.500000  0.103000
32.520000  0.166000
32.540000  0.243000
32.560000  0.224000
32.580000  0.136000
32.600000  0.040000
32.620000  -0.061000
32.640000  -0.139000
32.660000  -0.210000
32.680000  -0.266000
32.700000  -0.242000
32.720000  -0.194000
32.740000  -0.163000
32.760000  -0.148000
32.780000  -0.131000
32.800000  -0.100000
32.820000  -0.055000
32.840000  -0.038000
32.860000  -0.044000
32.880000  -0.057000
32.900000  -0.050000
32.920000  -0.005000
32.940000  0.045000
32.960000  0.077000
32.980000  0.100000
33.000000  0.143000
33.020000  0.198000
33.040000  0.206000
33.060000  0.143000
33.080000  0.102000
33.100000  0.066000
33.120000  0.037000
33.140000  -0.029000
33.160000  -0.108000
33.180000  -0.192000
33.200000  -0.277000
33.220000  -0.352000
33.240000  -0.310000
33.260000  -0.213000
33.280000  -0.110000
33.300000  0.002000
33.320000  0.074000
33.340000  0.098000
33.360000  0.123000
33.380000  0.154000
33.400000  0.181000
33.420000  0.187000
33.440000  0.099000
33.460000  -0.024000
33.480000  -0.160000
33.500000  -0.247000
33.520000  -0.227000
33.540000  -0.188000
33.560000  -0.144000
33.580000  -0.154000
33.600000  -0.171000
33.620000  -0.183000
33.640000  -0.163000
33.660000  -0.098000
33.680000  0.000000
33.700000  0.108000
33.720000  0.217000
33.740000  0.320000
33.760000  0.316000
33.780000  0.264000
33.800000  0.203000
33.820000  0.141000
33.840000  0.060000
33.860000  -0.030000
33.880000  -0.096000
33.900000  -0.115000
33.920000  -0.100000
33.940000  -0.041000
33.960000  0.052000
33.980000  0.149000
34.000000  0.240000
34.020000  0.291000
34.040000  0.325000
34.060000  0.364000
34.080000  0.363000
34.100000  0.271000
34.120000  0.154000
34.140000  0.066000
34.160000  0.036000
34.180000  0.033000
34.200000  0.050000
34.220000  0.100000
34.240000  0.165000
34.260000  0.180000
34.280000  0.148000
34.300000  0.115000
34.320000  0.061000
34.340000  -0.020000
34.360000  -0.107000
34.380000  -0.198000
34.400000  -0.257000
34.420000  -0.193000
34.440000  -0.098000
34.460000  0.008000
34.480000  0.112000
34.500000  0.210000
34.520000  0.222000
34.540000  0.202000
34.560000  0.178000
34.580000  0.130000
34.600000  0.042000
34.620000  -0.050000
34.640000  -0.145000
34.660000  -0.191000
34.680000  -0.216000
34.700000  -0.221000
34.720000  -0.216000
34.740000  -0.197000
34.760000  -0.140000
34.780000  -0.072000
34.800000  0.004000
34.820000  0.088000
34.840000  0.169000
34.860000  0.259000
34.880000  0.297000
34.900000  0.252000
34.920000  0.197000
34.940000  0.123000
34.960000  0.026000
34.980000  -0.025000
35.000000  0.017000
35.020000  0.071000
35.040000  0.134000
35.060000  0.175000
35.080000  0.186000
35.100000  0.159000
35.120000  0.098000
35.140000  0.046000
35.160000  0.034000
35.180000  0.040000
35.200000  0.032000
35.220000  -0.010000
35.240000  -0.063000
35.260000  -0.103000
35.280000  -0.120000
35.300000  -0.118000
35.320000  -0.099000
35.340000  -0.003000
35.360000  0.115000
35.380000  0.246000
35.400000  0.315000
35.420000  0.278000
35.440000  0.236000
35.460000  0.198000
35.480000  0.162000
35.500000  0.094000
35.520000  0.007000
35.540000  -0.054000
35.560000  -0.038000
35.580000  -0.020000
35.600000  -0.014000
35.620000  -0.010000
35.640000  -0.013000
35.660000  -0.041000
35.680000  -0.077000
35.700000  -0.106000
35.720000  -0.107000
35.740000  -0.087000
35.760000  -0.016000
35.780000  0.061000
35.800000  0.090000
35.820000  0.097000
35.840000  0.090000
35.860000  0.080000
35.880000  0.022000
35.900000  -0.061000
35.920000  -0.139000
35.940000  -0.131000
35.960000  -0.097000
35.980000  -0.066000
36.000000  -0.034000
36.020000  -0.019000
36.040000  -0.046000
36.060000  -0.077000
36.080000  -0.101000
36.100000  -0.132000
36.120000  -0.182000
36.140000  -0.234000
36.160000  -0.244000
36.180000  -0.222000
36.200000  -0.190000
36.220000  -0.124000
36.240000  -0.058000
36.260000  -0.012000
36.280000  0.024000
36.300000  0.063000
36.320000  0.078000
36.340000  0.011000
36.360000  -0.077000
36.380000  -0.172000
36.400000  -0.267000
36.420000  -0.346000
36.440000  -0.370000
36.460000  -0.358000
36.480000  -0.335000
36.500000  -0.305000
36.520000  -0.249000
36.540000  -0.190000
36.560000  -0.124000
36.580000  -0.077000
36.600000  -0.054000
36.620000  -0.069000
36.640000  -0.124000
36.660000  -0.183000
36.680000  -0.227000
36.700000  -0.165000
36.720000  -0.082000
36.740000  0.020000
36.760000  0.066000
36.780000  0.028000
36.800000  -0.030000
36.820000  -0.033000
36.840000  0.010000
36.860000  0.058000
36.880000  0.090000
36.900000  0.105000
36.920000  0.099000
36.940000  0.081000
36.960000  0.051000
36.980000  0.020000
37.000000  -0.010000
37.020000  0.008000
37.040000  0.040000
37.060000  0.082000
37.080000  0.094000
37.100000  0.031000
37.120000  -0.054000
37.140000  -0.144000
37.160000  -0.223000
37.180000  -0.195000
37.200000  -0.133000
37.220000  -0.064000
37.240000  0.007000
37.260000  0.062000
37.280000  0.057000
37.300000  0.035000
37.320000  0.022000
37.340000  0.051000
37.360000  0.091000
37.380000  0.106000
37.400000  0.047000
37.420000  -0.027000
37.440000  -0.096000
37.460000  -0.095000
37.480000  -0.078000
37.500000  -0.056000
37.520000  -0.048000
37.540000  -0.042000
37.560000  -0.035000
37.580000  -0.003000
37.600000  0.020000
37.620000  0.020000
37.640000  0.015000
37.660000  0.012000
37.680000  0.050000
37.700000  0.102000
37.720000  0.155000
37.740000  0.154000
37.760000  0.130000
37.780000  0.101000
37.800000  0.073000
37.820000  0.061000
37.840000  0.036000
37.860000  0.001000
37.880000  -0.019000
37.900000  -0.032000
37.920000  -0.047000
37.940000  -0.046000
37.960000  -0.002000
37.980000  0.063000
38.000000  0.081000
38.020000  0.008000
38.040000  -0.072000
38.060000  -0.084000
38.080000  -0.065000
38.100000  -0.070000
38.120000  -0.087000
38.140000  -0.097000
38.160000  -0.088000
38.180000  -0.077000
38.200000  -0.063000
38.220000  -0.024000
38.240000  0.050000
38.260000  0.085000
38.280000  0.052000
38.300000  0.002000
38.320000  -0.016000
38.340000  0.013000
38.360000  0.043000
38.380000  0.074000
38.400000  0.053000
38.420000  0.014000
38.440000  -0.060000
38.460000  -0.114000
38.480000  -0.135000
38.500000  -0.143000
38.520000  -0.110000
38.540000  -0.059000
38.560000  -0.045000
38.580000  -0.088000
38.600000  -0.141000
38.620000  -0.171000
38.640000  -0.127000
38.660000  -0.071000
38.680000  -0.011000
38.700000  -0.026000
38.720000  -0.062000
38.740000  -0.110000
38.760000  -0.151000
38.780000  -0.201000
38.800000  -0.183000
38.820000  -0.106000
38.840000  -0.019000
38.860000  0.063000
38.880000  0.104000
38.900000  0.130000
38.920000  0.191000
38.940000  0.200000
38.960000  0.152000
38.980000  0.094000
39.000000  0.060000
39.020000  0.073000
39.040000  0.083000
39.060000  0.081000
39.080000  0.071000
39.100000  0.068000
39.120000  0.100000
39.140000  0.138000
39.160000  0.157000
39.180000  0.167000
39.200000  0.148000
39.220000  0.116000
39.240000  0.083000
39.260000  0.050000
39.280000  0.029000
39.300000  0.029000
39.320000  0.069000
39.340000  0.122000
39.360000  0.152000
39.380000  0.160000
39.400000  0.165000
39.420000  0.169000
39.440000  0.172000
39.460000  0.178000
39.480000  0.144000
39.500000  0.056000
39.520000  -0.002000
39.540000  -0.022000
39.560000  -0.044000
39.580000  -0.067000
39.600000  -0.083000
39.620000  -0.035000
39.640000  0.031000
39.660000  0.098000
39.680000  0.124000
39.700000  0.129000
39.720000  0.116000
39.740000  0.115000
39.760000  0.119000
39.780000  0.120000
39.800000  0.075000
39.820000  0.034000
39.840000  0.013000
39.860000  -0.009000
39.880000  -0.038000
39.900000  -0.067000
39.920000  -0.070000
39.940000  -0.053000
39.960000  -0.037000
39.980000  -0.026000
40.000000  -0.041000
40.020000  -0.078000
40.040000  -0.108000
40.060000  -0.117000
40.080000  -0.125000
40.100000  -0.112000
40.120000  -0.075000
40.140000  -0.038000
40.160000  0.004000
40.180000  0.028000
40.200000  0.037000
40.220000  0.027000
40.240000  0.001000
40.260000  -0.015000
40.280000  -0.023000
40.300000  -0.018000
40.320000  -0.003000
40.340000  0.013000
40.360000  0.027000
40.380000  0.027000
40.400000  0.018000
40.420000  0.022000
40.440000  0.054000
40.460000  0.091000
40.480000  0.119000
40.500000  0.139000
40.520000  0.158000
40.540000  0.169000
40.560000  0.169000
40.580000  0.155000
40.600000  0.140000
40.620000  0.123000
40.640000  0.109000
40.660000  0.100000
40.680000  0.094000
40.700000  0.113000
40.720000  0.148000
40.740000  0.172000
40.760000  0.182000
40.780000  0.162000
40.800000  0.122000
40.820000  0.103000
40.840000  0.104000
40.860000  0.105000
40.880000  0.089000
40.900000  0.069000
40.920000  0.047000
40.940000  0.029000
40.960000  0.016000
40.980000  0.019000
41.000000  0.050000
41.020000  0.085000
41.040000  0.061000
41.060000  0.007000
41.080000  -0.054000
41.100000  -0.096000
41.120000  -0.104000
41.140000  -0.111000
41.160000  -0.121000
41.180000  -0.132000
41.200000  -0.119000
41.220000  -0.082000
41.240000  -0.021000
41.260000  0.024000
41.280000  0.040000
41.300000  0.048000
41.320000  0.041000
41.340000  0.035000
41.360000  0.018000
41.380000  -0.015000
41.400000  -0.051000
41.420000  -0.089000
41.440000  -0.113000
41.460000  -0.124000
41.480000  -0.135000
41.500000  -0.142000
41.520000  -0.143000
41.540000  -0.140000
41.560000  -0.138000
41.580000  -0.135000
41.600000  -0.135000
41.620000  -0.147000
41.640000  -0.163000
41.660000  -0.175000
41.680000  -0.176000
41.700000  -0.112000
41.720000  -0.013000
41.740000  0.067000
41.760000  0.097000
41.780000  0.081000
41.800000  0.034000
41.820000  -0.019000
41.840000  -0.095000
41.860000  -0.162000
41.880000  -0.184000
41.900000  -0.193000
41.920000  -0.198000
41.940000  -0.204000
41.960000  -0.195000
41.980000  -0.190000
42.000000  -0.188000
42.020000  -0.188000
42.040000  -0.164000
42.060000  -0.111000
42.080000  -0.088000
42.100000  -0.095000
42.120000  -0.107000
42.140000  -0.114000
42.160000  -0.096000
42.180000  -0.071000
42.200000  -0.048000
42.220000  -0.032000
42.240000  -0.030000
42.260000  -0.052000
42.280000  -0.079000
42.300000  -0.085000
42.320000  -0.080000
42.340000  -0.039000
42.360000  0.000000
42.380000  0.014000
42.400000  0.018000
42.420000  0.005000
42.440000  -0.011000
42.460000  -0.038000
42.480000  -0.066000
42.500000  -0.096000
42.520000  -0.114000
42.540000  -0.098000
42.560000  -0.083000
42.580000  -0.071000
42.600000  -0.073000
42.620000  -0.090000
42.640000  -0.100000
42.660000  -0.077000
42.680000  -0.054000
42.700000  -0.042000
42.720000  -0.037000
42.740000  -0.067000
42.760000  -0.114000
42.780000  -0.148000
42.800000  -0.164000
42.820000  -0.149000
42.840000  -0.110000
42.860000  -0.092000
42.880000  -0.083000
42.900000  -0.069000
42.920000  -0.040000
42.940000  -0.002000
42.960000  0.005000
42.980000  -0.018000
43.000000  -0.047000
43.020000  -0.055000
43.040000  -0.031000
43.060000  -0.007000
43.080000  0.007000
43.100000  0.018000
43.120000  0.027000
43.140000  0.034000
43.160000  0.030000
43.180000  0.024000
43.200000  0.019000
43.220000  0.048000
43.240000  0.088000
43.260000  0.124000
43.280000  0.080000
43.300000  0.011000
43.320000  -0.061000
43.340000  -0.086000
43.360000  -0.092000
43.380000  -0.098000
43.400000  -0.110000
43.420000  -0.107000
43.440000  -0.066000
43.460000  -0.014000
43.480000  0.040000
43.500000  0.087000
43.520000  0.108000
43.540000  0.124000
43.560000  0.127000
43.580000  0.115000
43.600000  0.099000
43.620000  0.091000
43.640000  0.092000
43.660000  0.093000
43.680000  0.097000
43.700000  0.110000
43.720000  0.128000
43.740000  0.157000
43.760000  0.190000
43.780000  0.209000
43.800000  0.217000
43.820000  0.224000
43.840000  0.231000
43.860000  0.237000
43.880000  0.238000
43.900000  0.234000
43.920000  0.232000
43.940000  0.209000
43.960000  0.164000
43.980000  0.115000
44.000000  0.068000
44.020000  0.016000
44.040000  0.003000
44.060000  0.032000
44.080000  0.067000
44.100000  0.095000
44.120000  0.092000
44.140000  0.086000
44.160000  0.076000
44.180000  0.067000
44.200000  0.057000
44.220000  0.049000
44.240000  0.039000
44.260000  0.030000
44.280000  0.021000
44.300000  0.023000
44.320000  0.034000
44.340000  0.046000
44.360000  0.042000
44.380000  0.022000
44.400000  0.001000
44.420000  -0.019000
44.440000  -0.006000
44.460000  0.022000
44.480000  0.052000
44.500000  0.083000
44.520000  0.113000
44.540000  0.116000
44.560000  0.098000
44.580000  0.087000
44.600000  0.098000
44.620000  0.117000
44.640000  0.113000
44.660000  0.082000
44.680000  0.051000
44.700000  0.016000
44.720000  -0.007000
44.740000  -0.015000
44.760000  -0.029000
44.780000  -0.053000
44.800000  -0.078000
44.820000  -0.103000
44.840000  -0.115000
44.860000  -0.117000
44.880000  -0.093000
44.900000  -0.067000
44.920000  -0.050000
44.940000  -0.047000
44.960000  -0.052000
44.980000  -0.058000
45.000000  -0.054000
45.020000  -0.039000
45.040000  -0.017000
45.060000  0.010000
45.080000  0.035000
45.100000  0.062000
45.120000  0.070000
45.140000  0.053000
45.160000  0.035000
45.180000  0.020000
45.200000  0.026000
45.220000  0.035000
45.240000  0.046000
45.260000  0.044000
45.280000  0.038000
45.300000  0.031000
45.320000  0.039000
45.340000  0.054000
45.360000  0.071000
45.380000  0.087000
45.400000  0.104000
45.420000  0.122000
45.440000  0.135000
45.460000  0.117000
45.480000  0.090000
45.500000  0.061000
45.520000  0.032000
45.540000  0.003000
45.560000  -0.025000
45.580000  -0.041000
45.600000  -0.054000
45.620000  -0.067000
45.640000  -0.079000
45.660000  -0.083000
45.680000  -0.079000
45.700000  -0.075000
45.720000  -0.064000
45.740000  -0.049000
45.760000  -0.032000
45.780000  -0.018000
45.800000  -0.023000
45.820000  -0.032000
45.840000  -0.037000
45.860000  -0.033000
45.880000  -0.027000
45.900000  -0.020000
45.920000  -0.013000
45.940000  0.014000
45.960000  0.042000
45.980000  0.058000
46.000000  0.049000
46.020000  0.012000
46.040000  -0.037000
46.060000  -0.081000
46.080000  -0.101000
46.100000  -0.101000
46.120000  -0.079000
46.140000  -0.056000
46.160000  -0.031000
46.180000  -0.008000
46.200000  0.018000
46.220000  0.031000
46.240000  0.015000
46.260000  -0.010000
46.280000  -0.029000
46.300000  -0.028000
46.320000  -0.024000
46.340000  -0.018000
46.360000  -0.012000
46.380000  -0.008000
46.400000  -0.021000
46.420000  -0.038000
46.440000  -0.057000
46.460000  -0.068000
46.480000  -0.061000
46.500000  -0.049000
46.520000  -0.036000
46.540000  -0.024000
46.560000  -0.003000
46.580000  0.029000
46.600000  0.065000
46.620000  0.096000
46.640000  0.122000
46.660000  0.133000
46.680000  0.118000
46.700000  0.077000
46.720000  0.038000
46.740000  0.024000
46.760000  0.023000
46.780000  0.033000
46.800000  0.035000
46.820000  0.021000
46.840000  -0.003000
46.860000  -0.026000
46.880000  -0.039000
46.900000  -0.036000
46.920000  -0.028000
46.940000  -0.025000
46.960000  -0.022000
46.980000  -0.024000
47.000000  -0.029000
47.020000  -0.034000
47.040000  -0.036000
47.060000  -0.013000
47.080000  0.015000
47.100000  0.046000
47.120000  0.076000
47.140000  0.105000
47.160000  0.114000
47.180000  0.109000
47.200000  0.103000
47.220000  0.097000
47.240000  0.090000
47.260000  0.084000
47.280000  0.076000
47.300000  0.055000
47.320000  0.024000
47.340000  -0.003000
47.360000  -0.016000
47.380000  -0.020000
47.400000  -0.015000
47.420000  -0.009000
47.440000  -0.002000
47.460000  -0.004000
47.480000  -0.009000
47.500000  -0.016000
47.520000  -0.022000
47.540000  -0.027000
47.560000  -0.030000
47.580000  -0.035000
47.600000  -0.036000
47.620000  -0.029000
47.640000  -0.022000
47.660000  -0.013000
47.680000  0.014000
47.700000  0.059000
47.720000  0.093000
47.740000  0.107000
47.760000  0.098000
47.780000  0.076000
47.800000  0.055000
47.820000  0.030000
47.840000  0.028000
47.860000  0.058000
47.880000  0.093000
47.900000  0.128000
47.920000  0.153000
47.940000  0.158000
47.960000  0.131000
47.980000  0.100000
48.000000  0.069000
48.020000  0.052000
48.040000  0.035000
48.060000  0.021000
48.080000  0.005000
48.100000  0.004000
48.120000  0.014000
48.140000  0.026000
48.160000  0.038000
48.180000  0.034000
48.200000  0.022000
48.220000  0.010000
48.240000  -0.003000
48.260000  -0.016000
48.280000  -0.030000
48.300000  -0.037000
48.320000  -0.036000
48.340000  -0.036000
48.360000  -0.042000
48.380000  -0.051000
48.400000  -0.060000
48.420000  -0.063000
48.440000  -0.063000
48.460000  -0.065000
48.480000  -0.069000
48.500000  -0.072000
48.520000  -0.068000
48.540000  -0.062000
48.560000  -0.061000
48.580000  -0.077000
48.600000  -0.097000
48.620000  -0.119000
48.640000  -0.139000
48.660000  -0.140000
48.680000  -0.135000
48.700000  -0.125000
48.720000  -0.104000
48.740000  -0.094000
48.760000  -0.088000
48.780000  -0.083000
48.800000  -0.072000
48.820000  -0.057000
48.840000  -0.042000
48.860000  -0.041000
48.880000  -0.047000
48.900000  -0.054000
48.920000  -0.056000
48.940000  -0.042000
48.960000  -0.024000
48.980000  -0.005000
49.000000  0.006000
49.020000  0.012000
49.040000  0.017000
49.060000  0.024000
49.080000  0.032000
49.100000  0.024000
49.120000  -0.002000
49.140000  -0.029000
49.160000  -0.058000
49.180000  -0.065000
49.200000  -0.057000
49.220000  -0.047000
49.240000  -0.045000
49.260000  -0.058000
49.280000  -0.070000
49.300000  -0.085000
49.320000  -0.089000
49.340000  -0.079000
49.360000  -0.069000
49.380000  -0.057000
49.400000  -0.049000
49.420000  -0.052000
49.440000  -0.060000
49.460000  -0.068000
49.480000  -0.076000
49.500000  -0.072000
49.520000  -0.065000
49.540000  -0.056000
49.560000  -0.053000
49.580000  -0.058000
49.600000  -0.064000
49.620000  -0.063000
49.640000  -0.055000
49.660000  -0.046000
49.680000  -0.039000
49.700000  -0.045000
49.720000  -0.054000
49.740000  -0.060000
49.760000  -0.046000
49.780000  -0.027000
49.800000  -0.005000
49.820000  0.012000
49.840000  0.025000
49.860000  0.025000
49.880000  0.010000
49.900000  -0.003000
49.920000  -0.021000
49.940000  -0.021000
49.960000  -0.001000
49.980000  0.021000
50.000000  0.028000
50.020000  0.025000
50.040000  0.020000
50.060000  0.019000
50.080000  0.023000
50.100000  0.026000
50.120000  0.018000
50.140000  0.007000
50.160000  -0.007000
50.180000  -0.007000
50.200000  0.017000
50.220000  0.041000
50.240000  0.039000
50.260000  0.027000
50.280000  0.013000
50.300000  -0.002000
50.320000  -0.013000
50.340000  -0.011000
50.360000  -0.006000
50.380000  0.001000
50.400000  0.007000
50.420000  0.013000
50.440000  0.010000
50.460000  0.013000
50.480000  0.020000
50.500000  0.028000
50.520000  0.023000
50.540000  0.012000
50.560000  0.003000
50.580000  0.009000
50.600000  0.016000
50.620000  0.026000
50.640000  0.018000
50.660000  -0.005000
50.680000  -0.030000
50.700000  -0.056000
50.720000  -0.078000
50.740000  -0.087000
50.760000  -0.095000
50.780000  -0.093000
50.800000  -0.086000
50.820000  -0.078000
50.840000  -0.075000
50.860000  -0.081000
50.880000  -0.089000
50.900000  -0.097000
50.920000  -0.108000
50.940000  -0.124000
50.960000  -0.128000
50.980000  -0.129000
51.000000  -0.123000
51.020000  -0.096000
51.040000  -0.065000
51.060000  -0.038000
51.080000  -0.013000
51.100000  0.011000
51.120000  0.036000
51.140000  0.060000
51.160000  0.083000
51.180000  0.088000
51.200000  0.083000
51.220000  0.076000
51.240000  0.068000
51.260000  0.065000
51.280000  0.072000
51.300000  0.081000
51.320000  0.091000
51.340000  0.092000
51.360000  0.073000
51.380000  0.050000
51.400000  0.027000
51.420000  0.022000
51.440000  0.024000
51.460000  0.019000
51.480000  0.008000
51.500000  -0.003000
51.520000  -0.016000
51.540000  -0.027000
51.560000  -0.038000
51.580000  -0.038000
51.600000  -0.035000
51.620000  -0.030000
51.640000  -0.033000
51.660000  -0.032000
51.680000  -0.026000
51.700000  -0.019000
51.720000  -0.023000
51.740000  -0.031000
51.760000  -0.040000
51.780000  -0.050000
51.800000  -0.059000
51.820000  -0.061000
51.840000  -0.060000
51.860000  -0.048000
51.880000  -0.024000
51.900000  -0.018000
51.920000  -0.022000
51.940000  -0.030000
51.960000  -0.030000
51.980000  -0.017000
52.000000  0.000000
52.020000  0.016000
52.040000  0.035000
52.060000  0.044000
52.080000  0.040000
52.100000  0.033000
52.120000  0.030000
52.140000  0.038000
52.160000  0.047000
52.180000  0.049000
52.200000  0.045000
52.220000  0.043000
52.240000  0.049000
52.260000  0.058000
52.280000  0.058000
52.300000  0.042000
52.320000  0.023000
52.340000  0.002000
52.360000  -0.018000
52.380000  -0.029000
52.400000  -0.032000
52.420000  -0.038000
52.440000  -0.046000
52.460000  -0.058000
52.480000  -0.059000
52.500000  -0.050000
52.520000  -0.039000
52.540000  -0.029000
52.560000  -0.026000
52.580000  -0.024000
52.600000  -0.023000
52.620000  -0.022000
52.640000  -0.020000
52.660000  -0.019000
52.680000  -0.015000
52.700000  0.007000
52.720000  0.034000
52.740000  0.063000
52.760000  0.085000
52.780000  0.098000
52.800000  0.098000
52.820000  0.085000
52.840000  0.071000
52.860000  0.057000
52.880000  0.055000
52.900000  0.059000
52.920000  0.064000
52.940000  0.069000
52.960000  0.075000
52.980000  0.076000
53.000000  0.059000
53.020000  0.036000
53.040000  0.013000
53.060000  -0.006000
53.080000  -0.015000
53.100000  -0.008000
53.120000  0.013000
53.140000  0.051000
53.160000  0.080000
53.180000  0.097000
53.200000  0.095000
53.220000  0.081000
53.240000  0.063000
53.260000  0.059000
53.280000  0.077000
53.300000  0.096000
53.320000  0.119000
53.340000  0.135000
53.360000  0.145000
53.380000  0.150000
53.400000  0.139000
53.420000  0.123000
53.440000  0.107000
53.460000  0.091000
53.480000  0.074000
53.500000  0.056000
53.520000  0.037000
53.540000  0.019000
53.560000  0.001000
53.580000  -0.017000
53.600000  -0.023000
53.620000  -0.024000
53.640000  -0.024000
53.660000  -0.024000
53.680000  -0.020000
53.700000  -0.004000
53.720000  0.016000
53.740000  0.034000
53.760000  0.035000
53.780000  0.031000
53.800000  0.025000
53.820000  0.021000
53.840000  0.026000
53.860000  0.045000
53.880000  0.082000
53.900000  0.099000
53.920000  0.093000
53.940000  0.085000
53.960000  0.074000
53.980000  0.064000
54.000000  0.053000
54.020000  0.043000
54.040000  0.032000
54.060000  0.022000
54.080000  0.011000
54.100000  0.001000
54.120000  -0.010000
54.140000  -0.015000
54.160000  -0.010000
54.180000  -0.001000
54.200000  0.004000
54.220000  0.000000
54.240000  -0.006000
54.260000  -0.007000
54.280000  -0.001000
54.300000  0.006000
54.320000  0.010000
54.340000  0.005000
54.360000  0.002000
54.380000  -0.002000
