0.000000  0.000000
0.020000  -0.059000
0.040000  -0.024000
0.060000  -0.111000
0.080000  -0.045000
0.100000  0.067000
0.120000  -0.018000
0.140000  -0.085000
0.160000  -0.060000
0.180000  -0.083000
0.200000  -0.005000
0.220000  0.020000
0.240000  -0.025000
0.260000  -0.019000
0.280000  0.031000
0.300000  0.016000
0.320000  -0.021000
0.340000  -0.022000
0.360000  0.018000
0.380000  -0.032000
0.400000  -0.107000
0.420000  -0.026000
0.440000  0.048000
0.460000  -0.013000
0.480000  0.011000
0.500000  0.045000
0.520000  0.021000
0.540000  -0.009000
0.560000  -0.091000
0.580000  -0.053000
0.600000  0.023000
0.620000  0.029000
0.640000  0.013000
0.660000  -0.027000
0.680000  -0.081000
0.700000  -0.133000
0.720000  -0.099000
0.740000  0.005000
0.760000  0.078000
0.780000  0.043000
0.800000  -0.028000
0.820000  -0.113000
0.840000  -0.150000
0.860000  -0.094000
0.880000  -0.022000
0.900000  -0.037000
0.920000  -0.069000
0.940000  -0.131000
0.960000  -0.042000
0.980000  0.249000
1.000000  0.159000
1.020000  -0.138000
1.040000  -0.180000
1.060000  -0.099000
1.080000  -0.175000
1.100000  -0.409000
1.120000  -0.474000
1.140000  -0.235000
1.160000  0.026000
1.180000  0.272000
1.200000  0.259000
1.220000  0.209000
1.240000  0.280000
1.260000  0.310000
1.280000  0.339000
1.300000  0.409000
1.320000  0.129000
1.340000  -0.355000
1.360000  -0.818000
1.380000  -0.725000
1.400000  -0.362000
1.420000  0.051000
1.440000  0.423000
1.460000  0.570000
1.480000  0.584000
1.500000  0.535000
1.520000  0.382000
1.540000  0.194000
1.560000  0.010000
1.580000  -0.039000
1.600000  0.009000
1.620000  -0.133000
1.640000  -0.384000
1.660000  -0.705000
1.680000  -0.733000
1.700000  -0.296000
1.720000  0.277000
1.740000  0.643000
1.760000  0.488000
1.780000  0.214000
1.800000  -0.123000
1.820000  -0.292000
1.840000  -0.203000
1.860000  -0.034000
1.880000  0.065000
1.900000  0.158000
1.920000  0.347000
1.940000  0.377000
1.960000  0.197000
1.980000  0.124000
2.000000  0.092000
2.020000  0.054000
2.040000  -0.006000
2.060000  0.074000
2.080000  0.055000
2.100000  -0.095000
2.120000  -0.245000
2.140000  -0.013000
2.160000  0.140000
2.180000  0.094000
2.200000  -0.046000
2.220000  -0.044000
2.240000  0.123000
2.260000  0.343000
2.280000  0.368000
2.300000  0.189000
2.320000  -0.042000
2.340000  -0.205000
2.360000  -0.085000
2.380000  0.126000
2.400000  0.043000
2.420000  -0.240000
2.440000  -0.289000
2.460000  -0.004000
2.480000  0.137000
2.500000  0.033000
2.520000  -0.060000
2.540000  0.079000
2.560000  0.112000
2.580000  -0.077000
2.600000  -0.299000
2.620000  -0.137000
2.640000  0.059000
2.660000  0.024000
2.680000  -0.065000
2.700000  -0.119000
2.720000  -0.040000
2.740000  0.031000
2.760000  0.025000
2.780000  0.065000
2.800000  0.229000
2.820000  0.270000
2.840000  0.101000
2.860000  -0.104000
2.880000  -0.198000
2.900000  -0.146000
2.920000  -0.071000
2.940000  -0.066000
2.960000  -0.007000
2.980000  0.157000
3.000000  0.176000
3.020000  0.029000
3.040000  -0.108000
3.060000  -0.064000
3.080000  0.059000
3.100000  0.065000
3.120000  -0.018000
3.140000  -0.110000
3.160000  -0.109000
3.180000  -0.023000
3.200000  0.044000
3.220000  0.022000
3.240000  -0.042000
3.260000  -0.076000
3.280000  -0.041000
3.300000  0.008000
3.320000  0.008000
3.340000  -0.050000
3.360000  -0.093000
3.380000  -0.094000
3.400000  -0.034000
3.420000  0.026000
3.440000  0.054000
3.460000  0.065000
3.480000  0.072000
3.500000  0.079000
3.520000  0.126000
3.540000  0.171000
3.560000  0.103000
3.580000  -0.005000
3.600000  0.030000
3.620000  0.107000
3.640000  0.051000
3.660000  -0.073000
3.680000  -0.166000
3.700000  -0.179000
3.720000  -0.134000
3.740000  -0.036000
3.760000  -0.018000
3.780000  -0.073000
3.800000  -0.036000
3.820000  0.077000
3.840000  0.147000
3.860000  0.082000
3.880000  -0.055000
3.900000  -0.050000
3.920000  -0.022000
3.940000  -0.022000
3.960000  0.006000
3.980000  0.063000
4.000000  0.025000
4.020000  -0.056000
4.040000  -0.100000
4.060000  -0.036000
4.080000  -0.019000
4.100000  -0.086000
4.120000  -0.028000
4.140000  0.096000
4.160000  0.116000
4.180000  0.018000
4.200000  -0.009000
4.220000  0.001000
4.240000  -0.022000
4.260000  -0.057000
4.280000  -0.011000
4.300000  0.062000
4.320000  0.043000
4.340000  -0.026000
4.360000  -0.047000
4.380000  -0.011000
4.400000  0.005000
4.420000  -0.013000
4.440000  0.010000
4.460000  0.047000
4.480000  0.060000
4.500000  0.013000
4.520000  -0.095000
4.540000  -0.144000
4.560000  -0.049000
4.580000  0.041000
4.600000  0.006000
4.620000  -0.014000
4.640000  0.027000
4.660000  0.077000
4.680000  0.069000
4.700000  0.021000
4.720000  -0.033000
4.740000  -0.082000
4.760000  -0.063000
4.780000  0.007000
4.800000  0.037000
4.820000  -0.006000
4.840000  -0.048000
4.860000  -0.018000
4.880000  0.014000
4.900000  -0.037000
4.920000  -0.031000
4.940000  0.026000
4.960000  -0.003000
4.980000  -0.062000
5.000000  -0.028000
5.020000  0.035000
5.040000  0.058000
5.060000  0.054000
5.080000  0.024000
5.100000  -0.011000
5.120000  -0.004000
5.140000  0.012000
5.160000  0.023000
5.180000  0.010000
5.200000  -0.011000
5.220000  -0.026000
5.240000  0.015000
5.260000  0.055000
5.280000  0.064000
5.300000  0.067000
5.320000  0.066000
5.340000  0.014000
5.360000  -0.051000
5.380000  -0.041000
5.400000  0.003000
5.420000  0.002000
5.440000  -0.025000
5.460000  -0.048000
5.480000  -0.044000
5.500000  -0.045000
5.520000  -0.053000
5.540000  -0.038000
5.560000  0.024000
5.580000  0.010000
5.600000  -0.052000
5.620000  -0.083000
5.640000  -0.041000
5.660000  0.031000
5.680000  0.064000
5.700000  0.059000
5.720000  0.061000
5.740000  0.064000
5.760000  0.056000
5.780000  0.044000
5.800000  0.040000
5.820000  0.022000
5.840000  -0.023000
5.860000  -0.042000
5.880000  0.002000
5.900000  0.025000
5.920000  0.010000
5.940000  -0.012000
5.960000  -0.039000
5.980000  -0.039000
6.000000  0.000000
6.020000  0.019000
6.040000  0.014000
6.060000  0.006000
6.080000  -0.023000
6.100000  -0.057000
6.120000  -0.019000
6.140000  0.042000
6.160000  0.026000
6.180000  -0.034000
6.200000  -0.062000
6.220000  -0.057000
6.240000  -0.019000
6.260000  0.023000
6.280000  0.017000
6.300000  0.003000
6.320000  -0.006000
6.340000  -0.010000
6.360000  -0.024000
6.380000  -0.041000
6.400000  -0.030000
6.420000  0.022000
6.440000  0.059000
6.460000  0.016000
6.480000  -0.041000
6.500000  -0.032000
6.520000  0.017000
6.540000  0.008000
6.560000  -0.053000
6.580000  -0.085000
6.600000  -0.100000
6.620000  -0.080000
6.640000  -0.025000
6.660000  0.019000
6.680000  0.016000
6.700000  -0.004000
6.720000  -0.018000
6.740000  -0.028000
6.760000  -0.025000
6.780000  -0.010000
6.800000  -0.002000
6.820000  0.011000
6.840000  0.017000
6.860000  0.004000
6.880000  -0.010000
6.900000  -0.002000
6.920000  0.030000
6.940000  0.045000
6.960000  0.030000
6.980000  0.033000
7.000000  0.059000
7.020000  0.056000
7.040000  0.040000
7.060000  0.037000
7.080000  0.042000
7.100000  0.026000
7.120000  0.000000
7.140000  0.004000
7.160000  0.000000
7.180000  -0.016000
7.200000  -0.037000
7.220000  -0.050000
7.240000  -0.048000
7.260000  -0.038000
7.280000  -0.018000
7.300000  -0.015000
7.320000  -0.018000
7.340000  -0.017000
7.360000  -0.018000
7.380000  -0.030000
7.400000  -0.026000
7.420000  0.007000
7.440000  0.041000
7.460000  0.023000
7.480000  -0.028000
7.500000  -0.058000
7.520000  -0.044000
7.540000  -0.002000
7.560000  0.004000
7.580000  -0.028000
7.600000  -0.036000
7.620000  0.000000
7.640000  0.025000
7.660000  0.013000
7.680000  -0.009000
7.700000  -0.009000
7.720000  0.007000
7.740000  0.030000
7.760000  0.043000
7.780000  0.033000
7.800000  0.009000
7.820000  -0.009000
7.840000  -0.003000
7.860000  0.014000
7.880000  0.017000
7.900000  0.005000
7.920000  0.014000
7.940000  0.023000
7.960000  0.015000
7.980000  0.012000
8.000000  0.028000
8.020000  0.027000
8.040000  -0.008000
8.060000  -0.044000
8.080000  -0.058000
8.100000  -0.040000
8.120000  0.005000
8.140000  0.026000
8.160000  0.023000
8.180000  0.009000
8.200000  0.010000
8.220000  0.019000
8.240000  0.022000
8.260000  0.036000
8.280000  0.044000
8.300000  0.013000
8.320000  -0.007000
8.340000  -0.017000
8.360000  -0.038000
8.380000  -0.063000
8.400000  -0.052000
8.420000  -0.019000
8.440000  -0.020000
8.460000  -0.046000
8.480000  -0.043000
8.500000  -0.028000
8.520000  -0.014000
8.540000  -0.015000
8.560000  -0.022000
8.580000  -0.022000
8.600000  -0.005000
8.620000  0.003000
8.640000  0.000000
8.660000  0.002000
8.680000  0.017000
8.700000  0.028000
8.720000  0.035000
8.740000  0.049000
8.760000  0.050000
8.780000  0.031000
8.800000  0.027000
8.820000  0.034000
8.840000  0.045000
8.860000  0.048000
8.880000  0.027000
8.900000  0.000000
8.920000  -0.004000
8.940000  0.004000
8.960000  0.009000
8.980000  0.012000
9.000000  0.009000
9.020000  -0.003000
9.040000  -0.014000
9.060000  -0.005000
9.080000  0.000000
9.100000  -0.011000
9.120000  -0.023000
9.140000  -0.030000
9.160000  -0.027000
9.180000  -0.023000
9.200000  -0.006000
9.220000  0.004000
9.240000  -0.025000
9.260000  -0.053000
9.280000  -0.033000
9.300000  0.017000
9.320000  0.038000
9.340000  0.002000
9.360000  -0.034000
9.380000  -0.039000
9.400000  -0.008000
9.420000  0.013000
9.440000  0.007000
9.460000  -0.003000
9.480000  -0.004000
9.500000  0.002000
9.520000  0.002000
9.540000  -0.011000
9.560000  -0.026000
9.580000  -0.019000
9.600000  -0.009000
9.620000  -0.010000
9.640000  -0.008000
9.660000  -0.005000
9.680000  -0.013000
9.700000  -0.016000
9.720000  -0.006000
9.740000  0.002000
9.760000  0.004000
9.780000  0.016000
9.800000  0.036000
9.820000  0.040000
9.840000  0.024000
9.860000  0.015000
9.880000  0.020000
9.900000  0.028000
9.920000  0.029000
9.940000  0.017000
9.960000  -0.002000
9.980000  -0.010000
10.000000  -0.007000
10.020000  0.000000
10.040000  0.011000
10.060000  0.007000
10.080000  -0.007000
10.100000  -0.008000
10.120000  0.005000
10.140000  0.007000
10.160000  0.002000
10.180000  -0.003000
10.200000  -0.003000
10.220000  -0.006000
10.240000  -0.018000
10.260000  -0.028000
10.280000  -0.024000
10.300000  -0.018000
10.320000  -0.019000
10.340000  -0.025000
10.360000  -0.028000
10.380000  -0.015000
10.400000  -0.002000
10.420000  0.005000
10.440000  0.008000
10.460000  0.006000
10.480000  0.000000
10.500000  -0.002000
10.520000  -0.005000
10.540000  -0.016000
10.560000  -0.022000
10.580000  0.007000
10.600000  0.033000
10.620000  0.033000
10.640000  0.013000
10.660000  -0.008000
10.680000  -0.030000
10.700000  -0.006000
10.720000  0.034000
10.740000  0.045000
10.760000  0.026000
10.780000  0.011000
10.800000  0.001000
10.820000  -0.006000
10.840000  -0.006000
10.860000  0.002000
10.880000  0.012000
10.900000  0.011000
10.920000  -0.005000
10.940000  -0.020000
10.960000  -0.011000
10.980000  0.011000
11.000000  0.023000
11.020000  0.021000
11.040000  0.013000
11.060000  0.002000
11.080000  -0.005000
11.100000  -0.007000
11.120000  -0.006000
11.140000  -0.005000
11.160000  -0.008000
11.180000  -0.009000
11.200000  -0.005000
11.220000  0.001000
11.240000  0.007000
11.260000  0.013000
11.280000  0.017000
11.300000  0.021000
11.320000  0.028000
11.340000  0.023000
11.360000  0.001000
11.380000  -0.010000
11.400000  0.003000
11.420000  0.013000
11.440000  0.009000
11.460000  0.000000
11.480000  -0.010000
11.500000  -0.019000
11.520000  -0.010000
11.540000  0.008000
11.560000  0.014000
11.580000  0.009000
11.600000  0.002000
11.620000  -0.005000
11.640000  -0.006000
11.660000  -0.001000
11.680000  -0.001000
11.700000  -0.008000
11.720000  -0.012000
11.740000  -0.012000
11.760000  -0.011000
11.780000  -0.009000
11.800000  0.007000
11.820000  0.022000
11.840000  0.017000
11.860000  0.004000
11.880000  -0.010000
11.900000  -0.016000
11.920000  -0.015000
11.940000  -0.013000
11.960000  -0.010000
11.980000  -0.007000
12.000000  -0.005000
12.020000  0.003000
12.040000  0.010000
12.060000  0.009000
12.080000  0.005000
12.100000  0.000000
12.120000  -0.004000
12.140000  -0.009000
12.160000  -0.014000
12.180000  -0.014000
12.200000  -0.003000
12.220000  0.008000
12.240000  0.006000
12.260000  -0.002000
12.280000  -0.008000
12.300000  -0.002000
12.320000  0.005000
12.340000  0.003000
12.360000  -0.004000
12.380000  -0.013000
12.400000  -0.022000
12.420000  -0.015000
12.440000  0.007000
12.460000  0.022000
12.480000  0.018000
12.500000  0.010000
12.520000  0.008000
12.540000  0.015000
12.560000  0.008000
12.580000  -0.004000
12.600000  -0.010000
12.620000  -0.014000
12.640000  -0.013000
12.660000  -0.005000
12.680000  0.004000
12.700000  0.006000
12.720000  0.005000
12.740000  0.004000
12.760000  0.007000
12.780000  0.012000
12.800000  0.010000
12.820000  0.001000
12.840000  -0.006000
12.860000  -0.006000
12.880000  0.003000
12.900000  0.017000
12.920000  0.017000
12.940000  0.004000
12.960000  -0.008000
12.980000  -0.004000
13.000000  0.004000
13.020000  0.014000
13.040000  0.013000
13.060000  0.005000
13.080000  0.006000
13.100000  0.009000
13.120000  0.004000
13.140000  -0.004000
13.160000  -0.014000
13.180000  -0.017000
13.200000  -0.008000
13.220000  -0.003000
13.240000  -0.008000
13.260000  -0.011000
13.280000  -0.010000
13.300000  -0.007000
13.320000  -0.005000
13.340000  0.002000
13.360000  0.012000
13.380000  0.017000
13.400000  0.006000
13.420000  -0.006000
13.440000  -0.007000
13.460000  -0.004000
13.480000  0.000000
13.500000  0.001000
13.520000  -0.004000
13.540000  -0.011000
13.560000  -0.015000
13.580000  -0.021000
13.600000  -0.029000
13.620000  -0.030000
13.640000  -0.015000
13.660000  0.003000
13.680000  0.024000
13.700000  0.025000
13.720000  0.008000
13.740000  -0.013000
13.760000  -0.019000
13.780000  -0.011000
13.800000  -0.003000
13.820000  0.013000
13.840000  0.021000
13.860000  0.011000
13.880000  -0.003000
13.900000  -0.017000
13.920000  -0.009000
13.940000  0.017000
13.960000  0.033000
13.980000  0.018000
14.000000  -0.011000
14.020000  -0.030000
14.040000  -0.015000
14.060000  0.015000
14.080000  0.035000
14.100000  0.027000
14.120000  0.014000
14.140000  0.006000
14.160000  0.008000
14.180000  0.011000
14.200000  0.018000
14.220000  0.028000
14.240000  0.025000
14.260000  0.007000
14.280000  -0.007000
14.300000  -0.003000
14.320000  0.010000
14.340000  0.001000
14.360000  -0.016000
14.380000  -0.011000
14.400000  0.003000
14.420000  0.009000
14.440000  0.005000
14.460000  -0.001000
14.480000  -0.005000
14.500000  0.004000
14.520000  0.017000
14.540000  0.026000
14.560000  0.015000
14.580000  0.000000
14.600000  -0.007000
14.620000  -0.001000
14.640000  0.007000
14.660000  0.005000
14.680000  -0.005000
14.700000  -0.013000
14.720000  -0.010000
14.740000  -0.005000
14.760000  0.001000
14.780000  0.010000
14.800000  0.008000
14.820000  -0.002000
14.840000  -0.015000
14.860000  -0.020000
14.880000  -0.018000
14.900000  -0.014000
14.920000  -0.014000
14.940000  -0.019000
14.960000  -0.027000
14.980000  -0.023000
15.000000  0.000000
15.020000  0.016000
15.040000  0.013000
15.060000  0.007000
15.080000  0.000000
15.100000  -0.002000
15.120000  0.002000
15.140000  0.006000
15.160000  0.007000
15.180000  0.006000
15.200000  0.005000
15.220000  -0.002000
15.240000  -0.010000
15.260000  -0.007000
15.280000  0.006000
15.300000  0.011000
15.320000  0.002000
15.340000  -0.004000
15.360000  0.002000
15.380000  0.007000
15.400000  0.009000
15.420000  0.015000
15.440000  0.013000
15.460000  0.001000
15.480000  -0.006000
15.500000  0.003000
15.520000  0.006000
15.540000  0.001000
15.560000  -0.008000
15.580000  -0.012000
15.600000  -0.006000
15.620000  -0.006000
15.640000  -0.011000
15.660000  -0.010000
15.680000  0.005000
15.700000  0.020000
15.720000  0.022000
15.740000  0.009000
15.760000  -0.009000
15.780000  -0.020000
15.800000  -0.009000
15.820000  -0.003000
15.840000  -0.004000
15.860000  -0.004000
15.880000  0.004000
15.900000  0.011000
15.920000  0.014000
15.940000  0.005000
15.960000  -0.015000
15.980000  -0.021000
16.000000  -0.006000
16.020000  0.000000
16.040000  -0.004000
16.060000  -0.005000
16.080000  0.001000
16.100000  0.008000
16.120000  0.009000
16.140000  -0.003000
16.160000  -0.015000
16.180000  -0.009000
16.200000  0.010000
16.220000  0.014000
16.240000  0.006000
16.260000  -0.005000
16.280000  -0.012000
16.300000  -0.004000
16.320000  0.011000
16.340000  0.022000
16.360000  0.015000
16.380000  0.001000
16.400000  -0.008000
16.420000  0.002000
16.440000  0.021000
16.460000  0.027000
16.480000  0.002000
16.500000  -0.011000
16.520000  0.009000
16.540000  0.017000
16.560000  0.004000
16.580000  -0.014000
16.600000  -0.023000
16.620000  -0.023000
16.640000  -0.022000
16.660000  -0.016000
16.680000  -0.005000
16.700000  0.000000
16.720000  -0.003000
16.740000  -0.007000
16.760000  -0.010000
16.780000  -0.013000
16.800000  -0.008000
16.820000  0.000000
16.840000  -0.001000
16.860000  -0.005000
16.880000  0.006000
16.900000  0.018000
16.920000  0.011000
16.940000  -0.004000
16.960000  -0.003000
16.980000  0.015000
17.000000  0.029000
17.020000  0.023000
17.040000  0.009000
17.060000  -0.006000
17.080000  -0.006000
17.100000  0.007000
17.120000  0.020000
17.140000  0.012000
17.160000  0.006000
17.180000  0.001000
17.200000  -0.002000
17.220000  -0.005000
17.240000  0.005000
17.260000  0.012000
17.280000  0.007000
17.300000  -0.002000
17.320000  -0.009000
17.340000  -0.005000
17.360000  0.009000
17.380000  0.011000
17.400000  -0.007000
17.420000  -0.016000
17.440000  -0.014000
17.460000  0.010000
17.480000  0.022000
17.500000  0.006000
17.520000  -0.007000
17.540000  -0.004000
17.560000  0.001000
17.580000  0.004000
17.600000  0.006000
17.620000  0.008000
17.640000  0.004000
17.660000  -0.001000
17.680000  -0.002000
17.700000  0.001000
17.720000  -0.002000
17.740000  -0.018000
17.760000  -0.026000
17.780000  -0.019000
17.800000  -0.011000
17.820000  -0.006000
17.840000  -0.006000
17.860000  -0.010000
17.880000  -0.011000
17.900000  -0.008000
17.920000  -0.003000
17.940000  0.000000
17.960000  -0.002000
17.980000  -0.005000
18.000000  -0.007000
18.020000  -0.008000
18.040000  -0.004000
18.060000  0.001000
18.080000  0.003000
18.100000  0.001000
18.120000  0.002000
18.140000  0.005000
18.160000  0.009000
18.180000  0.009000
18.200000  0.007000
18.220000  0.003000
18.240000  0.004000
18.260000  0.001000
18.280000  -0.006000
18.300000  -0.011000
18.320000  0.000000
18.340000  0.019000
18.360000  0.019000
18.380000  0.004000
18.400000  -0.005000
18.420000  -0.001000
18.440000  0.004000
18.460000  0.006000
18.480000  0.005000
18.500000  0.000000
18.520000  -0.005000
18.540000  -0.004000
18.560000  -0.004000
18.580000  -0.012000
18.600000  -0.011000
18.620000  0.006000
18.640000  0.028000
18.660000  0.035000
18.680000  0.023000
18.700000  0.007000
18.720000  0.003000
18.740000  0.020000
18.760000  0.022000
18.780000  0.006000
18.800000  -0.013000
18.820000  -0.016000
18.840000  -0.011000
18.860000  -0.007000
18.880000  -0.008000
18.900000  -0.009000
18.920000  -0.011000
18.940000  -0.011000
18.960000  -0.006000
18.980000  0.004000
19.000000  0.002000
19.020000  -0.009000
19.040000  -0.022000
19.060000  -0.019000
19.080000  -0.014000
19.100000  -0.013000
19.120000  -0.008000
19.140000  0.000000
19.160000  0.008000
19.180000  0.007000
19.200000  -0.006000
19.220000  -0.011000
19.240000  -0.005000
19.260000  0.003000
19.280000  0.006000
19.300000  -0.001000
19.320000  -0.003000
19.340000  0.002000
19.360000  0.003000
19.380000  0.007000
19.400000  0.016000
19.420000  0.019000
19.440000  0.011000
19.460000  0.003000
19.480000  0.003000
19.500000  0.008000
19.520000  0.009000
19.540000  0.003000
19.560000  0.000000
19.580000  0.002000
19.600000  0.007000
19.620000  0.007000
19.640000  0.003000
19.660000  -0.002000
19.680000  -0.004000
19.700000  0.001000
19.720000  0.006000
19.740000  0.005000
19.760000  -0.001000
19.780000  -0.004000
19.800000  -0.001000
19.820000  -0.001000
19.840000  -0.003000
19.860000  -0.001000
19.880000  0.003000
19.900000  0.004000
19.920000  0.000000
19.940000  -0.006000
19.960000  -0.012000
19.980000  -0.010000
20.000000  0.007000
20.020000  0.010000
20.040000  -0.009000
20.060000  -0.025000
20.080000  -0.019000
20.100000  -0.007000
20.120000  -0.002000
20.140000  -0.001000
20.160000  -0.002000
20.180000  -0.005000
20.200000  -0.009000
20.220000  -0.009000
20.240000  -0.007000
20.260000  -0.006000
20.280000  -0.007000
20.300000  -0.008000
20.320000  -0.006000
20.340000  -0.003000
20.360000  -0.001000
20.380000  -0.001000
20.400000  -0.001000
20.420000  0.000000
20.440000  0.002000
20.460000  0.006000
20.480000  0.008000
20.500000  0.005000
20.520000  -0.001000
20.540000  -0.001000
20.560000  0.007000
20.580000  0.011000
20.600000  0.007000
20.620000  0.001000
20.640000  0.001000
20.660000  0.011000
20.680000  0.016000
20.700000  0.015000
20.720000  0.011000
20.740000  0.008000
20.760000  0.006000
20.780000  0.006000
20.800000  0.005000
20.820000  0.005000
20.840000  0.004000
20.860000  0.001000
20.880000  -0.002000
20.900000  -0.001000
20.920000  0.005000
20.940000  0.010000
20.960000  0.008000
20.980000  0.004000
21.000000  -0.004000
21.020000  -0.012000
21.040000  -0.018000
21.060000  -0.016000
21.080000  -0.012000
21.100000  -0.009000
21.120000  -0.009000
21.140000  -0.009000
21.160000  -0.010000
21.180000  -0.012000
21.200000  -0.014000
21.220000  -0.011000
21.240000  -0.007000
21.260000  -0.006000
21.280000  -0.008000
21.300000  -0.010000
21.320000  -0.009000
21.340000  -0.004000
21.360000  0.000000
21.380000  0.005000
21.400000  0.003000
21.420000  -0.006000
21.440000  -0.013000
21.460000  -0.009000
21.480000  -0.001000
21.500000  0.004000
21.520000  0.004000
21.540000  0.002000
21.560000  0.000000
21.580000  -0.002000
21.600000  -0.004000
21.620000  -0.003000
21.640000  0.002000
21.660000  0.006000
21.680000  0.006000
21.700000  0.002000
21.720000  0.002000
21.740000  0.007000
21.760000  0.012000
21.780000  0.016000
21.800000  0.012000
21.820000  0.004000
21.840000  -0.004000
21.860000  -0.004000
21.880000  0.002000
21.900000  0.004000
21.920000  -0.001000
21.940000  -0.004000
21.960000  0.001000
21.980000  0.004000
22.000000  -0.001000
22.020000  -0.006000
22.040000  -0.001000
22.060000  0.005000
22.080000  0.004000
22.100000  0.001000
22.120000  0.002000
22.140000  0.006000
22.160000  0.010000
22.180000  0.010000
22.200000  0.003000
22.220000  -0.004000
22.240000  -0.010000
22.260000  -0.007000
22.280000  -0.002000
22.300000  0.005000
22.320000  0.007000
22.340000  0.003000
22.360000  -0.003000
22.380000  -0.007000
22.400000  -0.007000
22.420000  -0.007000
22.440000  -0.006000
22.460000  -0.006000
22.480000  -0.006000
22.500000  -0.005000
22.520000  -0.005000
22.540000  -0.004000
22.560000  -0.003000
22.580000  -0.001000
22.600000  0.001000
22.620000  0.004000
22.640000  0.003000
22.660000  -0.001000
22.680000  -0.004000
22.700000  -0.004000
22.720000  -0.002000
22.740000  -0.001000
22.760000  -0.003000
22.780000  -0.005000
22.800000  -0.009000
22.820000  -0.011000
22.840000  -0.007000
22.860000  0.000000
22.880000  0.005000
22.900000  0.006000
22.920000  0.004000
22.940000  0.002000
22.960000  0.000000
22.980000  -0.003000
23.000000  -0.004000
23.020000  -0.003000
23.040000  0.000000
23.060000  0.002000
23.080000  0.002000
23.100000  0.000000
23.120000  -0.002000
23.140000  -0.003000
23.160000  -0.004000
23.180000  -0.005000
23.200000  -0.005000
23.220000  -0.004000
23.240000  -0.001000
23.260000  0.002000
23.280000  0.006000
23.300000  0.011000
23.320000  0.012000
23.340000  0.006000
23.360000  -0.003000
23.380000  -0.008000
23.400000  -0.003000
23.420000  -0.001000
23.440000  -0.005000
23.460000  -0.008000
23.480000  -0.005000
23.500000  -0.001000
23.520000  -0.001000
23.540000  -0.002000
23.560000  0.001000
23.580000  0.003000
23.600000  0.002000
23.620000  0.003000
23.640000  0.006000
23.660000  0.008000
23.680000  0.007000
23.700000  0.006000
23.720000  0.010000
23.740000  0.014000
23.760000  0.014000
23.780000  0.012000
23.800000  0.009000
23.820000  0.007000
23.840000  0.006000
23.860000  0.006000
23.880000  0.005000
23.900000  0.004000
23.920000  0.004000
23.940000  0.003000
23.960000  0.003000
23.980000  0.002000
24.000000  0.002000
24.020000  0.001000
24.040000  0.000000
24.060000  0.000000
24.080000  -0.001000
24.100000  -0.002000
24.120000  -0.003000
24.140000  -0.004000
24.160000  -0.005000
24.180000  -0.006000
24.200000  -0.004000
24.220000  -0.001000
24.240000  -0.002000
24.260000  -0.009000
24.280000  -0.011000
24.300000  -0.011000
24.320000  -0.009000
24.340000  -0.008000
24.360000  -0.006000
24.380000  -0.004000
24.400000  -0.002000
24.420000  0.001000
24.440000  0.005000
24.460000  0.005000
24.480000  -0.001000
24.500000  -0.006000
24.520000  -0.003000
24.540000  0.003000
24.560000  0.008000
24.580000  0.007000
24.600000  0.005000
24.620000  0.002000
24.640000  0.000000
24.660000  -0.001000
24.680000  -0.001000
24.700000  -0.001000
24.720000  -0.002000
24.740000  -0.002000
24.760000  -0.002000
24.780000  0.001000
24.800000  0.006000
24.820000  0.011000
24.840000  0.014000
24.860000  0.011000
24.880000  0.006000
24.900000  0.002000
24.920000  0.000000
24.940000  0.002000
24.960000  0.005000
24.980000  0.003000
25.000000  -0.001000
25.020000  0.004000
25.040000  0.010000
25.060000  0.006000
25.080000  0.003000
25.100000  0.006000
25.120000  0.007000
25.140000  0.003000
25.160000  -0.002000
25.180000  -0.004000
25.200000  -0.002000
25.220000  0.000000
25.240000  0.000000
25.260000  0.000000
25.280000  -0.001000
25.300000  -0.002000
25.320000  -0.005000
25.340000  -0.007000
25.360000  -0.009000
25.380000  -0.010000
25.400000  -0.006000
25.420000  -0.003000
25.440000  -0.004000
25.460000  -0.006000
25.480000  -0.005000
25.500000  -0.002000
25.520000  0.000000
25.540000  0.000000
25.560000  -0.002000
25.580000  -0.005000
25.600000  -0.004000
25.620000  0.002000
25.640000  0.008000
25.660000  0.006000
25.680000  0.002000
25.700000  -0.003000
25.720000  -0.003000
25.740000  0.000000
25.760000  0.003000
25.780000  0.003000
25.800000  0.001000
25.820000  -0.001000
25.840000  -0.002000
25.860000  -0.001000
25.880000  -0.001000
25.900000  -0.001000
25.920000  0.000000
25.940000  0.000000
25.960000  0.000000
25.980000  0.001000
26.000000  0.000000
26.020000  0.000000
26.040000  -0.001000
26.060000  -0.002000
26.080000  -0.003000
26.100000  -0.004000
26.120000  -0.005000
26.140000  -0.006000
26.160000  -0.005000
26.180000  -0.001000
26.200000  0.001000
26.220000  -0.001000
26.240000  -0.002000
26.260000  0.002000
26.280000  0.007000
26.300000  0.010000
26.320000  0.010000
26.340000  0.006000
26.360000  0.001000
26.380000  -0.006000
26.400000  -0.006000
26.420000  -0.001000
26.440000  -0.002000
26.460000  -0.008000
26.480000  -0.008000
26.500000  0.001000
26.520000  0.009000
26.540000  0.010000
26.560000  0.007000
26.580000  0.005000
26.600000  0.002000
26.620000  0.000000
26.640000  -0.003000
26.660000  -0.005000
26.680000  -0.005000
26.700000  -0.002000
26.720000  0.000000
26.740000  0.003000
26.760000  0.001000
26.780000  -0.012000
26.800000  -0.015000
26.820000  0.003000
26.840000  0.011000
26.860000  0.004000
26.880000  -0.006000
26.900000  -0.016000
26.920000  -0.020000
26.940000  -0.012000
26.960000  0.001000
26.980000  0.012000
27.000000  0.010000
27.020000  0.001000
27.040000  -0.009000
27.060000  -0.010000
27.080000  -0.007000
27.100000  -0.005000
27.120000  -0.004000
27.140000  -0.003000
27.160000  -0.002000
27.180000  -0.005000
27.200000  -0.012000
27.220000  -0.018000
27.240000  -0.022000
27.260000  -0.010000
27.280000  0.004000
27.300000  -0.001000
27.320000  -0.011000
27.340000  -0.011000
27.360000  -0.007000
27.380000  -0.002000
27.400000  0.009000
27.420000  0.011000
27.440000  -0.005000
27.460000  -0.014000
27.480000  -0.013000
27.500000  -0.003000
27.520000  0.009000
27.540000  0.021000
27.560000  0.010000
27.580000  -0.003000
27.600000  -0.007000
27.620000  0.004000
27.640000  0.014000
27.660000  0.001000
27.680000  -0.007000
27.700000  -0.001000
27.720000  0.010000
27.740000  0.023000
27.760000  0.021000
27.780000  0.004000
27.800000  -0.006000
27.820000  -0.001000
27.840000  0.004000
27.860000  0.004000
27.880000  0.002000
27.900000  -0.002000
27.920000  0.010000
27.940000  0.007000
27.960000  -0.005000
27.980000  -0.013000
28.000000  -0.014000
28.020000  -0.005000
28.040000  0.002000
28.060000  0.000000
28.080000  0.000000
28.100000  0.005000
28.120000  0.006000
28.140000  0.005000
28.160000  0.003000
28.180000  0.001000
28.200000  -0.002000
28.220000  0.005000
28.240000  -0.001000
28.260000  -0.003000
28.280000  0.017000
28.300000  0.018000
28.320000  -0.004000
28.340000  -0.013000
28.360000  0.001000
28.380000  0.006000
28.400000  0.007000
28.420000  0.003000
28.440000  -0.003000
28.460000  -0.007000
28.480000  -0.007000
28.500000  -0.008000
28.520000  0.000000
28.540000  0.010000
28.560000  0.004000
28.580000  -0.006000
28.600000  -0.017000
28.620000  -0.028000
28.640000  -0.019000
28.660000  0.005000
28.680000  0.010000
28.700000  0.009000
28.720000  0.013000
28.740000  0.019000
28.760000  0.022000
28.780000  0.015000
28.800000  0.002000
28.820000  -0.014000
28.840000  -0.020000
28.860000  -0.017000
28.880000  -0.011000
28.900000  -0.011000
28.920000  -0.019000
28.940000  -0.028000
28.960000  -0.016000
28.980000  0.015000
29.000000  0.040000
29.020000  0.061000
29.040000  0.045000
29.060000  0.006000
29.080000  -0.039000
29.100000  -0.041000
29.120000  -0.004000
29.140000  0.021000
29.160000  0.019000
29.180000  -0.004000
29.200000  -0.033000
29.220000  -0.054000
29.240000  -0.025000
29.260000  0.032000
29.280000  0.051000
29.300000  0.020000
29.320000  -0.015000
29.340000  -0.009000
29.360000  0.020000
29.380000  0.014000
29.400000  -0.012000
29.420000  -0.021000
29.440000  -0.012000
29.460000  0.004000
29.480000  0.004000
29.500000  -0.005000
29.520000  0.007000
29.540000  0.019000
29.560000  0.014000
29.580000  0.003000
29.600000  -0.023000
29.620000  -0.038000
29.640000  0.007000
29.660000  0.040000
29.680000  0.009000
29.700000  -0.041000
29.720000  -0.027000
29.740000  0.012000
29.760000  0.011000
29.780000  -0.013000
29.800000  -0.019000
29.820000  0.002000
29.840000  0.020000
29.860000  0.033000
29.880000  0.021000
29.900000  -0.017000
29.920000  -0.016000
29.940000  0.042000
29.960000  0.069000
29.980000  0.034000
30.000000  -0.015000
30.020000  -0.042000
30.040000  -0.034000
30.060000  -0.012000
30.080000  0.017000
30.100000  0.028000
30.120000  0.007000
30.140000  -0.024000
30.160000  -0.029000
30.180000  0.002000
30.200000  0.015000
30.220000  0.012000
30.240000  0.015000
30.260000  0.013000
30.280000  -0.005000
30.300000  -0.009000
30.320000  0.009000
30.340000  0.009000
30.360000  -0.007000
30.380000  -0.006000
30.400000  0.001000
30.420000  0.000000
30.440000  -0.006000
30.460000  -0.017000
30.480000  -0.017000
30.500000  0.011000
30.520000  0.018000
30.540000  0.000000
30.560000  -0.008000
30.580000  0.017000
30.600000  0.034000
30.620000  0.021000
30.640000  -0.001000
30.660000  -0.014000
30.680000  -0.006000
30.700000  0.019000
30.720000  0.021000
30.740000  0.003000
30.760000  -0.018000
30.780000  -0.024000
30.800000  -0.006000
30.820000  0.005000
30.840000  -0.003000
30.860000  -0.015000
30.880000  -0.017000
30.900000  -0.003000
30.920000  0.028000
30.940000  0.044000
30.960000  0.016000
30.980000  -0.028000
31.000000  -0.036000
31.020000  -0.010000
31.040000  0.017000
31.060000  0.018000
31.080000  0.006000
31.100000  -0.009000
31.120000  -0.019000
31.140000  -0.019000
31.160000  -0.007000
31.180000  0.007000
31.200000  0.005000
31.220000  -0.001000
31.240000  0.002000
31.260000  0.000000
31.280000  -0.015000
31.300000  -0.016000
31.320000  0.005000
31.340000  0.023000
31.360000  0.016000
31.380000  0.003000
31.400000  -0.007000
31.420000  -0.013000
31.440000  -0.004000
31.460000  -0.001000
31.480000  -0.002000
31.500000  0.004000
31.520000  0.013000
31.540000  0.012000
31.560000  0.004000
31.580000  0.003000
31.600000  0.006000
31.620000  0.009000
31.640000  0.004000
31.660000  0.003000
31.680000  0.008000
31.700000  0.007000
31.720000  0.002000
31.740000  0.001000
31.760000  0.006000
31.780000  0.002000
31.800000  -0.007000
31.820000  -0.001000
31.840000  0.011000
31.860000  0.007000
31.880000  -0.005000
31.900000  0.001000
31.920000  0.005000
31.940000  0.002000
31.960000  -0.003000
31.980000  -0.008000
32.000000  -0.009000
32.020000  -0.004000
32.040000  0.002000
32.060000  0.002000
32.080000  -0.010000
32.100000  -0.006000
32.120000  0.007000
32.140000  0.021000
32.160000  0.017000
32.180000  0.007000
32.200000  -0.004000
32.220000  -0.001000
32.240000  0.001000
32.260000  -0.006000
32.280000  -0.009000
32.300000  0.000000
32.320000  0.004000
32.340000  0.001000
32.360000  -0.002000
32.380000  -0.006000
32.400000  -0.007000
32.420000  0.000000
32.440000  0.003000
32.460000  -0.004000
32.480000  -0.012000
32.500000  -0.003000
32.520000  0.004000
32.540000  -0.002000
32.560000  -0.009000
32.580000  -0.015000
32.600000  -0.017000
32.620000  -0.011000
32.640000  0.000000
32.660000  0.009000
32.680000  0.009000
32.700000  0.004000
32.720000  -0.002000
32.740000  -0.008000
32.760000  -0.010000
32.780000  0.000000
32.800000  0.007000
32.820000  0.005000
32.840000  -0.002000
32.860000  -0.002000
32.880000  0.003000
32.900000  0.009000
32.920000  0.012000
32.940000  0.005000
32.960000  -0.003000
32.980000  0.001000
33.000000  0.007000
33.020000  0.002000
33.040000  -0.005000
33.060000  -0.006000
33.080000  -0.005000
33.100000  -0.003000
33.120000  0.006000
33.140000  0.013000
33.160000  0.006000
33.180000  0.001000
33.200000  0.004000
33.220000  0.008000
33.240000  0.010000
33.260000  0.011000
33.280000  0.013000
33.300000  0.013000
33.320000  0.008000
33.340000  0.000000
33.360000  -0.003000
33.380000  -0.002000
33.400000  -0.005000
33.420000  -0.010000
33.440000  -0.011000
33.460000  -0.006000
33.480000  -0.001000
33.500000  0.002000
33.520000  0.002000
33.540000  0.001000
33.560000  0.001000
33.580000  0.000000
33.600000  0.000000
33.620000  -0.001000
33.640000  -0.004000
33.660000  -0.007000
33.680000  -0.010000
33.700000  -0.009000
33.720000  -0.003000
33.740000  0.004000
33.760000  0.009000
33.780000  0.006000
33.800000  -0.006000
33.820000  -0.005000
33.840000  0.000000
33.860000  0.000000
33.880000  -0.002000
33.900000  -0.005000
33.920000  -0.008000
33.940000  -0.008000
33.960000  0.000000
33.980000  0.006000
34.000000  0.007000
34.020000  0.006000
34.040000  0.002000
34.060000  -0.003000
34.080000  -0.010000
34.100000  -0.009000
34.120000  0.002000
34.140000  0.010000
34.160000  0.006000
34.180000  -0.004000
34.200000  -0.013000
34.220000  -0.013000
34.240000  -0.007000
34.260000  -0.003000
34.280000  -0.003000
34.300000  -0.005000
34.320000  -0.005000
34.340000  -0.002000
34.360000  0.004000
34.380000  0.005000
34.400000  -0.004000
34.420000  -0.008000
34.440000  -0.007000
34.460000  -0.005000
34.480000  0.000000
34.500000  0.005000
34.520000  -0.001000
34.540000  -0.006000
34.560000  -0.003000
34.580000  0.004000
34.600000  0.005000
34.620000  0.001000
34.640000  -0.003000
34.660000  -0.001000
34.680000  0.001000
34.700000  0.004000
34.720000  0.007000
34.740000  0.005000
34.760000  0.001000
34.780000  -0.004000
34.800000  -0.010000
34.820000  -0.012000
34.840000  -0.014000
34.860000  -0.011000
34.880000  -0.007000
34.900000  0.000000
34.920000  0.012000
34.940000  0.024000
34.960000  0.016000
34.980000  -0.001000
35.000000  -0.013000
35.020000  -0.007000
35.040000  0.001000
35.060000  0.006000
35.080000  0.004000
35.100000  0.000000
35.120000  -0.004000
35.140000  0.002000
35.160000  0.011000
35.180000  0.014000
35.200000  0.005000
35.220000  -0.005000
35.240000  -0.009000
35.260000  -0.006000
35.280000  -0.002000
35.300000  0.001000
35.320000  0.003000
35.340000  0.005000
35.360000  0.005000
35.380000  0.003000
35.400000  -0.001000
35.420000  -0.003000
35.440000  -0.002000
35.460000  0.002000
35.480000  0.002000
35.500000  -0.004000
35.520000  -0.012000
35.540000  -0.007000
35.560000  0.002000
35.580000  0.008000
35.600000  0.011000
35.620000  0.011000
35.640000  0.010000
35.660000  0.007000
35.680000  0.003000
35.700000  -0.002000
35.720000  -0.004000
35.740000  -0.005000
35.760000  -0.006000
35.780000  -0.005000
35.800000  -0.001000
35.820000  0.004000
35.840000  0.006000
35.860000  0.005000
35.880000  0.002000
35.900000  -0.001000
35.920000  -0.003000
35.940000  -0.004000
35.960000  -0.006000
35.980000  -0.002000
36.000000  0.006000
36.020000  0.011000
36.040000  0.007000
36.060000  0.002000
36.080000  0.005000
36.100000  0.012000
36.120000  0.012000
36.140000  0.006000
36.160000  -0.001000
36.180000  -0.003000
36.200000  -0.001000
36.220000  -0.001000
36.240000  -0.003000
36.260000  -0.004000
36.280000  -0.006000
36.300000  -0.004000
36.320000  0.003000
36.340000  0.007000
36.360000  0.002000
36.380000  -0.003000
36.400000  0.000000
36.420000  0.003000
36.440000  -0.002000
36.460000  -0.003000
36.480000  0.001000
36.500000  -0.001000
36.520000  -0.006000
36.540000  -0.006000
36.560000  -0.002000
36.580000  0.001000
36.600000  0.002000
36.620000  -0.002000
36.640000  -0.006000
36.660000  -0.009000
36.680000  -0.011000
36.700000  -0.010000
36.720000  -0.008000
36.740000  -0.006000
36.760000  -0.004000
36.780000  -0.002000
36.800000  0.000000
36.820000  0.001000
36.840000  0.002000
36.860000  0.001000
36.880000  -0.004000
36.900000  -0.006000
36.920000  -0.004000
36.940000  0.001000
36.960000  0.005000
36.980000  0.005000
37.000000  0.003000
37.020000  0.002000
37.040000  0.000000
37.060000  -0.002000
37.080000  -0.003000
37.100000  -0.005000
37.120000  -0.006000
37.140000  -0.008000
37.160000  -0.010000
37.180000  -0.011000
37.200000  -0.009000
37.220000  0.001000
37.240000  0.003000
37.260000  -0.005000
37.280000  -0.008000
37.300000  -0.007000
37.320000  -0.005000
37.340000  -0.003000
37.360000  0.000000
37.380000  -0.001000
37.400000  -0.005000
37.420000  -0.006000
37.440000  -0.005000
37.460000  -0.004000
37.480000  -0.003000
37.500000  -0.003000
37.520000  -0.003000
37.540000  -0.004000
37.560000  -0.002000
37.580000  0.000000
37.600000  -0.003000
37.620000  -0.007000
37.640000  -0.008000
37.660000  -0.004000
37.680000  -0.001000
37.700000  -0.001000
37.720000  -0.001000
37.740000  -0.001000
37.760000  0.000000
37.780000  0.003000
37.800000  0.006000
37.820000  0.009000
37.840000  0.012000
37.860000  0.012000
37.880000  0.007000
37.900000  0.001000
37.920000  -0.003000
37.940000  -0.003000
37.960000  -0.002000
37.980000  0.000000
38.000000  0.002000
38.020000  0.003000
38.040000  0.005000
38.060000  0.005000
38.080000  0.002000
38.100000  0.002000
38.120000  0.006000
38.140000  0.005000
38.160000  0.000000
38.180000  -0.003000
38.200000  -0.003000
38.220000  -0.002000
38.240000  -0.001000
38.260000  0.000000
38.280000  0.002000
38.300000  0.003000
38.320000  0.004000
38.340000  0.002000
38.360000  0.000000
38.380000  -0.002000
38.400000  -0.004000
38.420000  -0.004000
38.440000  -0.004000
38.460000  -0.003000
38.480000  -0.004000
38.500000  -0.005000
38.520000  -0.003000
38.540000  0.000000
38.560000  0.000000
38.580000  0.000000
38.600000  -0.001000
38.620000  -0.002000
38.640000  -0.003000
38.660000  -0.004000
38.680000  -0.004000
38.700000  -0.004000
38.720000  -0.003000
38.740000  -0.002000
38.760000  -0.002000
38.780000  -0.001000
38.800000  -0.001000
38.820000  0.000000
38.840000  0.000000
38.860000  0.001000
38.880000  0.002000
38.900000  0.003000
38.920000  0.005000
38.940000  0.005000
38.960000  0.000000
38.980000  -0.004000
39.000000  -0.004000
39.020000  -0.001000
39.040000  0.002000
39.060000  0.005000
39.080000  0.006000
39.100000  0.001000
39.120000  -0.003000
39.140000  -0.003000
39.160000  -0.002000
39.180000  -0.001000
39.200000  0.000000
39.220000  0.001000
39.240000  -0.001000
39.260000  -0.002000
39.280000  -0.004000
39.300000  -0.003000
39.320000  -0.001000
39.340000  0.002000
39.360000  0.002000
39.380000  0.001000
39.400000  -0.001000
39.420000  -0.001000
39.440000  0.001000
39.460000  0.004000
39.480000  0.004000
39.500000  0.003000
39.520000  0.001000
39.540000  0.000000
39.560000  0.002000
39.580000  0.002000
39.600000  0.001000
39.620000  0.000000
39.640000  0.002000
39.660000  0.002000
39.680000  0.000000
39.700000  0.001000
39.720000  0.002000
39.740000  0.002000
39.760000  0.001000
39.780000  -0.001000
39.800000  -0.001000
39.820000  0.001000
39.840000  0.001000
39.860000  -0.001000
39.880000  -0.002000
39.900000  0.000000
39.920000  0.000000
39.940000  0.000000
39.960000  0.000000
39.980000  0.000000
40.000000  0.000000
